 1.0000E-02   2.5143E-13   1.5905E-13   2.1815E+02   9.8917E-01   9.9558E-01
 1.0473E-02   2.6877E-13   1.6871E-13   2.3319E+02   9.8811E-01   9.9516E-01
 1.0969E-02   2.8415E-13   1.7944E-13   2.4654E+02   9.8698E-01   9.9467E-01
 1.1488E-02   3.0355E-13   1.9022E-13   2.6337E+02   9.8555E-01   9.9405E-01
 1.2032E-02   3.2349E-13   2.0095E-13   2.8067E+02   9.8395E-01   9.9336E-01
 1.2601E-02   3.4253E-13   2.1061E-13   2.9718E+02   9.8220E-01   9.9264E-01
 1.3197E-02   3.6160E-13   2.2018E-13   3.1373E+02   9.8023E-01   9.9181E-01
 1.3822E-02   3.8065E-13   2.2934E-13   3.3026E+02   9.7798E-01   9.9091E-01
 1.4476E-02   4.0041E-13   2.3810E-13   3.4740E+02   9.7541E-01   9.8991E-01
 1.5161E-02   4.1905E-13   2.4533E-13   3.6357E+02   9.7256E-01   9.8885E-01
 1.5878E-02   4.3843E-13   2.5267E-13   3.8039E+02   9.6928E-01   9.8766E-01
 1.6630E-02   4.5697E-13   2.5882E-13   3.9647E+02   9.6562E-01   9.8643E-01
 1.7417E-02   4.7549E-13   2.6432E-13   4.1254E+02   9.6147E-01   9.8510E-01
 1.8241E-02   4.9361E-13   2.6912E-13   4.2826E+02   9.5684E-01   9.8367E-01
 1.9104E-02   5.0977E-13   2.7256E-13   4.4229E+02   9.5174E-01   9.8216E-01
 2.0008E-02   5.2826E-13   2.7665E-13   4.5833E+02   9.4585E-01   9.8054E-01
 2.0955E-02   5.4622E-13   2.7999E-13   4.7391E+02   9.3938E-01   9.7880E-01
 2.1947E-02   5.6399E-13   2.8265E-13   4.8933E+02   9.3230E-01   9.7692E-01
 2.2985E-02   5.8223E-13   2.8514E-13   5.0516E+02   9.2447E-01   9.7485E-01
 2.4073E-02   6.0093E-13   2.8775E-13   5.2138E+02   9.1596E-01   9.7260E-01
 2.5212E-02   6.2075E-13   2.9025E-13   5.3857E+02   9.0667E-01   9.7008E-01
 2.6405E-02   6.4111E-13   2.9267E-13   5.5624E+02   8.9672E-01   9.6730E-01
 2.7655E-02   6.6201E-13   2.9506E-13   5.7438E+02   8.8614E-01   9.6421E-01
 2.8963E-02   6.8377E-13   2.9744E-13   5.9325E+02   8.7495E-01   9.6083E-01
 3.0334E-02   7.0645E-13   2.9975E-13   6.1293E+02   8.6320E-01   9.5715E-01
 3.1769E-02   7.2983E-13   3.0179E-13   6.3321E+02   8.5104E-01   9.5331E-01
 3.3273E-02   7.5344E-13   3.0328E-13   6.5370E+02   8.3870E-01   9.4939E-01
 3.4847E-02   7.7708E-13   3.0350E-13   6.7421E+02   8.2655E-01   9.4568E-01
 3.6496E-02   7.9056E-13   2.9440E-13   6.8590E+02   8.1899E-01   9.4465E-01
 3.8223E-02   7.6643E-13   2.9563E-13   6.6497E+02   8.1197E-01   9.4246E-01
 4.0032E-02   7.7938E-13   3.1626E-13   6.7620E+02   7.9201E-01   9.3384E-01
 4.1927E-02   8.1080E-13   3.4111E-13   7.0347E+02   7.6493E-01   9.2028E-01
 4.3911E-02   8.6740E-13   3.6307E-13   7.5257E+02   7.3425E-01   9.0344E-01
 4.5989E-02   9.2278E-13   3.8010E-13   8.0062E+02   7.0688E-01   8.8892E-01
 4.8165E-02   9.8932E-13   3.9603E-13   8.5836E+02   6.8057E-01   8.7682E-01
 5.0444E-02   1.0564E-12   4.1136E-13   9.1657E+02   6.5629E-01   8.6708E-01
 5.2831E-02   1.1351E-12   4.3092E-13   9.8480E+02   6.3126E-01   8.5757E-01
 5.5331E-02   1.2397E-12   4.5399E-13   1.0756E+03   6.0614E-01   8.4818E-01
 5.7950E-02   1.3530E-12   4.7291E-13   1.1739E+03   5.8479E-01   8.4025E-01
 6.0692E-02   1.4559E-12   4.8650E-13   1.2632E+03   5.6661E-01   8.3430E-01
 6.3564E-02   1.5833E-12   5.1564E-13   1.3737E+03   5.4371E-01   8.2563E-01
 6.6572E-02   1.7934E-12   5.6814E-13   1.5560E+03   5.1406E-01   8.1083E-01
 6.9723E-02   2.0502E-12   6.2062E-13   1.7788E+03   4.8725E-01   7.9349E-01
 7.3022E-02   2.2031E-12   6.4611E-13   1.9114E+03   4.6934E-01   7.7778E-01
 7.6478E-02   2.2300E-12   6.5597E-13   1.9348E+03   4.5342E-01   7.6015E-01
 8.0097E-02   2.1394E-12   6.4868E-13   1.8562E+03   4.4088E-01   7.4027E-01
 8.3887E-02   2.0014E-12   6.1546E-13   1.7364E+03   4.4039E-01   7.3172E-01
 8.7857E-02   1.8955E-12   5.7306E-13   1.6446E+03   4.5022E-01   7.3580E-01
 9.2014E-02   1.8735E-12   5.8093E-13   1.6254E+03   4.3789E-01   7.2256E-01
 9.6369E-02   1.7800E-12   5.8812E-13   1.5444E+03   4.2494E-01   6.9504E-01
 1.0093E-01   1.5991E-12   5.5607E-13   1.3874E+03   4.3226E-01   6.6818E-01
 1.0571E-01   1.4212E-12   5.3507E-13   1.2330E+03   4.4119E-01   6.2960E-01
 1.1071E-01   1.2051E-12   4.7844E-13   1.0455E+03   4.7116E-01   5.8369E-01
 1.1595E-01   1.0600E-12   4.2274E-13   9.1964E+02   5.1874E-01   5.5386E-01
 1.2143E-01   9.4265E-13   3.8929E-13   8.1787E+02   5.5112E-01   5.0928E-01
 1.2718E-01   8.3760E-13   3.5943E-13   7.2672E+02   5.8242E-01   4.6313E-01
 1.3320E-01   7.4946E-13   3.2155E-13   6.5024E+02   6.0740E-01   4.3978E-01
 1.3950E-01   6.7136E-13   2.7097E-13   5.8248E+02   6.1591E-01   4.2997E-01
 1.4610E-01   6.1458E-13   2.2671E-13   5.3322E+02   6.0492E-01   3.8309E-01
 1.5302E-01   5.8763E-13   1.9851E-13   5.0984E+02   6.0103E-01   3.2946E-01
 1.6026E-01   5.8813E-13   1.7977E-13   5.1028E+02   6.0469E-01   3.5515E-01
 1.6784E-01   6.1834E-13   1.7375E-13   5.3648E+02   5.9893E-01   4.2421E-01
 1.7578E-01   6.8224E-13   1.8357E-13   5.9193E+02   5.7969E-01   5.0149E-01
 1.8410E-01   7.8178E-13   2.0176E-13   6.7829E+02   5.4861E-01   5.7805E-01
 1.9281E-01   9.3057E-13   2.2518E-13   8.0739E+02   5.0601E-01   6.3959E-01
 2.0194E-01   1.1303E-12   2.5379E-13   9.8064E+02   4.5459E-01   6.7225E-01
 2.1150E-01   1.3038E-12   2.8959E-13   1.1312E+03   4.0294E-01   6.6263E-01
 2.2150E-01   1.3066E-12   3.2440E-13   1.1336E+03   3.5946E-01   6.1303E-01
 2.3199E-01   1.1448E-12   3.2905E-13   9.9322E+02   3.3214E-01   5.5386E-01
 2.4296E-01   9.6888E-13   3.1490E-13   8.4062E+02   3.1397E-01   5.0235E-01
 2.5446E-01   8.4564E-13   2.8925E-13   7.3369E+02   3.0399E-01   4.7683E-01
 2.6650E-01   7.6360E-13   2.6523E-13   6.6251E+02   2.9780E-01   4.6785E-01
 2.7911E-01   7.0663E-13   2.4477E-13   6.1309E+02   2.9523E-01   4.7102E-01
 2.9232E-01   6.6292E-13   2.2743E-13   5.7517E+02   2.9506E-01   4.8339E-01
 3.0616E-01   6.2552E-13   2.1458E-13   5.4271E+02   2.9104E-01   4.9915E-01
 3.2064E-01   5.9171E-13   2.0304E-13   5.1338E+02   2.8597E-01   5.1989E-01
 3.3582E-01   5.6117E-13   1.9254E-13   4.8689E+02   2.7946E-01   5.4594E-01
 3.5171E-01   5.3362E-13   1.8265E-13   4.6298E+02   2.7034E-01   5.7751E-01
 3.6835E-01   5.0809E-13   1.7315E-13   4.4083E+02   2.5902E-01   6.1269E-01
 3.8579E-01   4.8363E-13   1.6462E-13   4.1961E+02   2.4745E-01   6.4621E-01
 4.0404E-01   4.5914E-13   1.5631E-13   3.9836E+02   2.3670E-01   6.7836E-01
 4.2316E-01   4.3396E-13   1.4812E-13   3.7652E+02   2.2785E-01   7.0736E-01
 4.4319E-01   4.0782E-13   1.3955E-13   3.5383E+02   2.2059E-01   7.3373E-01
 4.6416E-01   3.8093E-13   1.2992E-13   3.3051E+02   2.1353E-01   7.6013E-01
 4.8612E-01   3.5394E-13   1.1948E-13   3.0708E+02   2.0550E-01   7.8681E-01
 5.0913E-01   3.2675E-13   1.0816E-13   2.8350E+02   1.9515E-01   8.1543E-01
 5.3322E-01   3.0008E-13   9.6728E-14   2.6036E+02   1.8198E-01   8.4386E-01
 5.5845E-01   2.7453E-13   8.5651E-14   2.3818E+02   1.6651E-01   8.6980E-01
 5.8488E-01   2.5066E-13   7.5260E-14   2.1748E+02   1.5050E-01   8.9137E-01
 6.1256E-01   2.2857E-13   6.5645E-14   1.9831E+02   1.3531E-01   9.0845E-01
 6.4155E-01   2.0818E-13   5.6869E-14   1.8062E+02   1.2170E-01   9.2176E-01
 6.7191E-01   1.8931E-13   4.8926E-14   1.6425E+02   1.0968E-01   9.3227E-01
 7.0370E-01   1.7180E-13   4.1821E-14   1.4906E+02   9.9234E-02   9.4066E-01
 7.3700E-01   1.5568E-13   3.5529E-14   1.3507E+02   9.0151E-02   9.4755E-01
 7.7188E-01   1.4081E-13   3.0008E-14   1.2217E+02   8.2265E-02   9.5328E-01
 8.0841E-01   1.2722E-13   2.5209E-14   1.1038E+02   7.5473E-02   9.5823E-01
 8.4666E-01   1.1482E-13   2.1088E-14   9.9619E+01   6.9554E-02   9.6248E-01
 8.8673E-01   1.0363E-13   1.7570E-14   8.9909E+01   6.4386E-02   9.6629E-01
 9.2869E-01   9.3478E-14   1.4596E-14   8.1103E+01   5.9965E-02   9.6963E-01
 9.7264E-01   8.4368E-14   1.2098E-14   7.3200E+01   5.6063E-02   9.7266E-01
 1.0187E+00   7.6187E-14   1.0010E-14   6.6101E+01   5.2648E-02   9.7541E-01
 1.0669E+00   6.8870E-14   8.2715E-15   5.9753E+01   4.9593E-02   9.7793E-01
 1.1174E+00   6.2329E-14   6.8317E-15   5.4078E+01   4.6800E-02   9.8023E-01
 1.1702E+00   5.6519E-14   5.6393E-15   4.9037E+01   4.4189E-02   9.8237E-01
 1.2256E+00   5.1355E-14   4.6546E-15   4.4557E+01   4.1736E-02   9.8435E-01
 1.2836E+00   4.6728E-14   3.8441E-15   4.0543E+01   3.9353E-02   9.8610E-01
 1.3444E+00   4.2573E-14   3.1766E-15   3.6937E+01   3.7049E-02   9.8766E-01
 1.4080E+00   3.8820E-14   2.6252E-15   3.3681E+01   3.4949E-02   9.8905E-01
 1.4746E+00   3.5452E-14   2.1701E-15   3.0759E+01   3.2961E-02   9.9032E-01
 1.5444E+00   3.2459E-14   1.7943E-15   2.8162E+01   3.1005E-02   9.9148E-01
 1.6175E+00   2.9772E-14   1.4858E-15   2.5831E+01   2.9012E-02   9.9249E-01
 1.6940E+00   2.7326E-14   1.2308E-15   2.3708E+01   2.7135E-02   9.9337E-01
 1.7742E+00   2.5091E-14   1.0201E-15   2.1770E+01   2.5397E-02   9.9414E-01
 1.8581E+00   2.3066E-14   8.4555E-16   2.0012E+01   2.3765E-02   9.9483E-01
 1.9461E+00   2.1230E-14   7.0126E-16   1.8419E+01   2.2197E-02   9.9545E-01
 2.0382E+00   1.9561E-14   5.8192E-16   1.6972E+01   2.0686E-02   9.9598E-01
 2.1346E+00   1.8036E-14   4.8303E-16   1.5649E+01   1.9267E-02   9.9646E-01
 2.2356E+00   1.6639E-14   4.0101E-16   1.4437E+01   1.7951E-02   9.9688E-01
 2.3414E+00   1.5359E-14   3.3303E-16   1.3326E+01   1.6709E-02   9.9724E-01
 2.4522E+00   1.4196E-14   2.7673E-16   1.2317E+01   1.5506E-02   9.9757E-01
 2.5683E+00   1.3130E-14   2.3002E-16   1.1392E+01   1.4359E-02   9.9785E-01
 2.6898E+00   1.2144E-14   1.9121E-16   1.0536E+01   1.3301E-02   9.9810E-01
 2.8171E+00   1.1229E-14   1.5901E-16   9.7423E+00   1.2321E-02   9.9832E-01
 2.9504E+00   1.0384E-14   1.3221E-16   9.0096E+00   1.1418E-02   9.9851E-01
 3.0900E+00   9.6118E-15   1.0995E-16   8.3394E+00   1.0579E-02   9.9868E-01
 3.2362E+00   8.9007E-15   9.1446E-17   7.7224E+00   9.7787E-03   9.9883E-01
 3.3894E+00   8.2382E-15   7.6060E-17   7.1476E+00   9.0489E-03   9.9896E-01
 3.5498E+00   7.6295E-15   6.3265E-17   6.6195E+00   8.3675E-03   9.9908E-01
 3.7178E+00   7.0695E-15   5.2623E-17   6.1337E+00   7.7322E-03   9.9919E-01
 3.8937E+00   6.5542E-15   4.3776E-17   5.6866E+00   7.1325E-03   9.9928E-01
 4.0779E+00   6.0793E-15   3.6426E-17   5.2746E+00   6.5634E-03   9.9936E-01
 4.2709E+00   5.6391E-15   3.0309E-17   4.8926E+00   6.0293E-03   9.9943E-01
 4.4730E+00   5.2328E-15   2.5217E-17   4.5401E+00   5.5292E-03   9.9950E-01
 4.6847E+00   4.8575E-15   2.0982E-17   4.2145E+00   5.0684E-03   9.9955E-01
 4.9064E+00   4.5131E-15   1.7453E-17   3.9157E+00   4.6359E-03   9.9960E-01
 5.1386E+00   4.1911E-15   1.4523E-17   3.6363E+00   4.2332E-03   9.9965E-01
 5.3818E+00   3.8901E-15   1.2082E-17   3.3751E+00   3.8599E-03   9.9968E-01
 5.6364E+00   3.6118E-15   1.0051E-17   3.1337E+00   3.5227E-03   9.9972E-01
 5.9032E+00   3.3577E-15   8.3591E-18   2.9132E+00   3.2118E-03   9.9975E-01
 6.1825E+00   3.1271E-15   6.9518E-18   2.7131E+00   2.9154E-03   9.9977E-01
 6.4751E+00   2.9086E-15   5.7792E-18   2.5236E+00   2.6720E-03   9.9980E-01
 6.7815E+00   2.7107E-15   4.8044E-18   2.3519E+00   2.4135E-03   9.9982E-01
 7.1024E+00   2.5303E-15   3.9926E-18   2.1954E+00   2.1787E-03   9.9984E-01
 7.4385E+00   2.3848E-15   3.3168E-18   2.0691E+00   1.9612E-03   9.9986E-01
 7.7905E+00   2.3364E-15   2.7555E-18   2.0271E+00   1.7491E-03   9.9987E-01
 8.1592E+00   2.4432E-15   2.2925E-18   2.1197E+00   1.5391E-03   9.9988E-01
 8.5453E+00   2.6008E-15   1.9098E-18   2.2565E+00   1.3578E-03   9.9990E-01
 8.9497E+00   2.8118E-15   1.5940E-18   2.4396E+00   1.1956E-03   9.9991E-01
 9.3732E+00   3.0216E-15   1.3355E-18   2.6216E+00   1.0461E-03   9.9992E-01
 9.8168E+00   2.8561E-15   1.1145E-18   2.4780E+00   9.0990E-04   9.9993E-01
 1.0281E+01   2.6353E-15   9.2831E-19   2.2864E+00   7.8020E-04   9.9993E-01
 1.0768E+01   2.3358E-15   7.7180E-19   2.0266E+00   6.6103E-04   9.9994E-01
 1.1277E+01   2.1032E-15   6.3834E-19   1.8248E+00   5.4526E-04   9.9995E-01
 1.1811E+01   1.8816E-15   5.3377E-19   1.6325E+00   4.3905E-04   9.9995E-01
 1.2370E+01   1.7160E-15   4.4159E-19   1.4889E+00   3.2690E-04   9.9996E-01
 1.2955E+01   1.5792E-15   3.6592E-19   1.3701E+00   2.1546E-04   9.9996E-01
 1.3568E+01   1.4764E-15   3.0318E-19   1.2810E+00   1.2213E-04   9.9996E-01
 1.4211E+01   1.4271E-15   2.5109E-19   1.2381E+00   3.9636E-05   9.9997E-01
 1.4883E+01   1.4461E-15   2.0814E-19   1.2546E+00  -3.5454E-05   9.9997E-01
 1.5587E+01   1.4905E-15   1.7279E-19   1.2932E+00  -1.0390E-04   9.9997E-01
 1.6325E+01   1.5519E-15   1.4364E-19   1.3464E+00  -1.7441E-04   9.9997E-01
 1.7097E+01   1.6174E-15   1.1958E-19   1.4033E+00  -2.4396E-04   9.9998E-01
 1.7907E+01   1.6710E-15   9.9703E-20   1.4498E+00  -3.0897E-04   9.9998E-01
 1.8754E+01   1.7007E-15   8.3175E-20   1.4755E+00  -3.7138E-04   9.9998E-01
 1.9641E+01   1.7054E-15   6.9384E-20   1.4796E+00  -4.4350E-04   9.9998E-01
 2.0571E+01   1.6993E-15   5.7856E-20   1.4744E+00  -5.1520E-04   9.9998E-01
 2.1544E+01   1.7089E-15   4.8252E-20   1.4827E+00  -5.6504E-04   9.9998E-01
 2.2564E+01   1.7225E-15   4.0295E-20   1.4945E+00  -6.0584E-04   9.9998E-01
 2.3632E+01   1.7461E-15   3.3691E-20   1.5149E+00  -6.4120E-04   9.9998E-01
 2.4750E+01   1.7697E-15   2.8223E-20   1.5354E+00  -6.9199E-04   9.9999E-01
 2.5921E+01   1.7919E-15   2.3674E-20   1.5547E+00  -7.3005E-04   9.9999E-01
 2.7148E+01   1.8083E-15   1.9892E-20   1.5689E+00  -7.4586E-04   9.9999E-01
 2.8433E+01   1.8198E-15   1.6746E-20   1.5789E+00  -7.5086E-04   9.9999E-01
 2.9778E+01   1.8214E-15   1.4119E-20   1.5803E+00  -7.4283E-04   9.9999E-01
 3.1187E+01   1.8099E-15   1.1920E-20   1.5703E+00  -7.2732E-04   9.9999E-01
 3.2663E+01   1.7834E-15   1.0072E-20   1.5473E+00  -7.0064E-04   9.9999E-01
 3.4209E+01   1.7435E-15   8.5143E-21   1.5127E+00  -6.6440E-04   9.9999E-01
 3.5828E+01   1.6893E-15   7.1976E-21   1.4656E+00  -6.1742E-04   9.9999E-01
 3.7523E+01   1.6224E-15   6.0811E-21   1.4077E+00  -5.6610E-04   9.9999E-01
 3.9299E+01   1.5449E-15   5.1346E-21   1.3404E+00  -5.1138E-04   9.9999E-01
 4.1158E+01   1.4598E-15   4.3304E-21   1.2666E+00  -4.5266E-04   9.9999E-01
 4.3106E+01   1.3690E-15   3.6475E-21   1.1877E+00  -3.9056E-04   9.9999E-01
 4.5146E+01   1.2771E-15   3.0682E-21   1.1080E+00  -3.1224E-04   9.9999E-01
 4.7282E+01   1.1841E-15   2.5774E-21   1.0274E+00  -2.0899E-04   9.9999E-01
 4.9520E+01   1.0935E-15   2.1621E-21   9.4871E-01  -9.1406E-05   9.9999E-01
 5.1863E+01   1.0064E-15   1.8117E-21   8.7314E-01   3.0273E-05   9.9999E-01
 5.4317E+01   9.2370E-16   1.5163E-21   8.0142E-01   1.3853E-04   9.9999E-01
 5.6888E+01   8.4507E-16   1.2680E-21   7.3320E-01   2.3557E-04   9.9999E-01
 5.9580E+01   7.7170E-16   1.0593E-21   6.6954E-01   3.1700E-04   9.9999E-01
 6.2399E+01   7.0391E-16   8.8441E-22   6.1072E-01   3.8164E-04   9.9999E-01
 6.5352E+01   6.4131E-16   7.3786E-22   5.5642E-01   4.3038E-04   9.9999E-01
 6.8445E+01   5.8370E-16   6.1523E-22   5.0643E-01   4.6239E-04   1.0000E+00
 7.1684E+01   5.3081E-16   5.1272E-22   4.6054E-01   4.8054E-04   1.0000E+00
 7.5076E+01   4.8275E-16   4.2711E-22   4.1884E-01   4.8606E-04   1.0000E+00
 7.8629E+01   4.3874E-16   3.5568E-22   3.8066E-01   4.8158E-04   1.0000E+00
 8.2350E+01   3.9871E-16   2.9608E-22   3.4593E-01   4.6525E-04   1.0000E+00
 8.6247E+01   3.6263E-16   2.4642E-22   3.1463E-01   4.3644E-04   1.0000E+00
 9.0328E+01   3.2978E-16   2.0503E-22   2.8613E-01   3.9795E-04   1.0000E+00
 9.4603E+01   3.0006E-16   1.7057E-22   2.6034E-01   3.5894E-04   1.0000E+00
 9.9080E+01   2.7313E-16   1.4187E-22   2.3697E-01   3.2029E-04   1.0000E+00
 1.0377E+02   2.4868E-16   1.1797E-22   2.1576E-01   2.7811E-04   1.0000E+00
 1.0868E+02   2.2703E-16   9.8079E-23   1.9698E-01   2.3188E-04   1.0000E+00
 1.1382E+02   2.0778E-16   8.1535E-23   1.8028E-01   1.8544E-04   1.0000E+00
 1.1921E+02   1.9098E-16   6.7781E-23   1.6570E-01   1.4160E-04   1.0000E+00
 1.2485E+02   1.7632E-16   5.6360E-23   1.5297E-01   1.0172E-04   1.0000E+00
 1.3076E+02   1.6349E-16   4.6896E-23   1.4185E-01   6.5849E-05   1.0000E+00
 1.3695E+02   1.5150E-16   3.9059E-23   1.3145E-01   3.5103E-05   1.0000E+00
 1.4343E+02   1.3901E-16   3.2554E-23   1.2061E-01   8.2929E-06   1.0000E+00
 1.5021E+02   1.2592E-16   2.7123E-23   1.0925E-01  -1.4479E-05   1.0000E+00
 1.5732E+02   1.1321E-16   2.2578E-23   9.8221E-02  -3.3698E-05   1.0000E+00
 1.6477E+02   1.0164E-16   1.8779E-23   8.8183E-02  -5.0074E-05   1.0000E+00
 1.7256E+02   9.1381E-17   1.5612E-23   7.9284E-02  -6.3912E-05   1.0000E+00
 1.8073E+02   8.2392E-17   1.2976E-23   7.1485E-02  -7.5493E-05   1.0000E+00
 1.8928E+02   7.4457E-17   1.0784E-23   6.4600E-02  -8.5221E-05   1.0000E+00
 1.9824E+02   6.7387E-17   8.9618E-24   5.8466E-02  -9.3246E-05   1.0000E+00
 2.0762E+02   6.1096E-17   7.4476E-24   5.3008E-02  -9.9638E-05   1.0000E+00
 2.1744E+02   5.5462E-17   6.1893E-24   4.8120E-02  -1.0467E-04   1.0000E+00
 2.2773E+02   5.0370E-17   5.1437E-24   4.3703E-02  -1.0854E-04   1.0000E+00
 2.3851E+02   4.5773E-17   4.2748E-24   3.9714E-02  -1.1137E-04   1.0000E+00
 2.4980E+02   4.1625E-17   3.5527E-24   3.6115E-02  -1.1326E-04   1.0000E+00
 2.6162E+02   3.7857E-17   2.9526E-24   3.2846E-02  -1.1428E-04   1.0000E+00
 2.7400E+02   3.4453E-17   2.4538E-24   2.9892E-02  -1.1450E-04   1.0000E+00
 2.8697E+02   3.1357E-17   2.0394E-24   2.7206E-02  -1.1404E-04   1.0000E+00
 3.0055E+02   2.8547E-17   1.6949E-24   2.4768E-02  -1.1294E-04   1.0000E+00
 3.1477E+02   2.5996E-17   1.4087E-24   2.2554E-02  -1.1137E-04   1.0000E+00
 3.2966E+02   2.3676E-17   1.1708E-24   2.0541E-02  -1.0924E-04   1.0000E+00
 3.4527E+02   2.1564E-17   9.7305E-25   1.8709E-02  -1.0674E-04   1.0000E+00
 3.6160E+02   1.9645E-17   8.0872E-25   1.7045E-02  -1.0386E-04   1.0000E+00
 3.7872E+02   1.7898E-17   6.7215E-25   1.5528E-02  -1.0069E-04   1.0000E+00
 3.9664E+02   1.6307E-17   5.5864E-25   1.4148E-02  -9.7258E-05   1.0000E+00
 4.1541E+02   1.4859E-17   4.6430E-25   1.2892E-02  -9.3616E-05   1.0000E+00
 4.3507E+02   1.3539E-17   3.8590E-25   1.1747E-02  -8.9822E-05   1.0000E+00
 4.5565E+02   1.2340E-17   3.2073E-25   1.0707E-02  -8.5939E-05   1.0000E+00
 4.7722E+02   1.1246E-17   2.6657E-25   9.7571E-03  -8.1947E-05   1.0000E+00
 4.9980E+02   1.0250E-17   2.2156E-25   8.8930E-03  -7.7926E-05   1.0000E+00
 5.2345E+02   9.3416E-18   1.8414E-25   8.1049E-03  -7.3908E-05   1.0000E+00
 5.4822E+02   8.5142E-18   1.5305E-25   7.3871E-03  -6.9913E-05   1.0000E+00
 5.7416E+02   7.7606E-18   1.2721E-25   6.7333E-03  -6.5982E-05   1.0000E+00
 6.0133E+02   7.0750E-18   1.0573E-25   6.1384E-03  -6.2137E-05   1.0000E+00
 6.2979E+02   6.4492E-18   8.7873E-26   5.5955E-03  -5.8360E-05   1.0000E+00
 6.5959E+02   5.8780E-18   7.3035E-26   5.0998E-03  -5.4710E-05   1.0000E+00
 6.9081E+02   5.3579E-18   6.0702E-26   4.6487E-03  -5.1198E-05   1.0000E+00
 7.2350E+02   4.8848E-18   5.0452E-26   4.2381E-03  -4.7805E-05   1.0000E+00
 7.5774E+02   4.4535E-18   4.1933E-26   3.8639E-03  -4.4575E-05   1.0000E+00
 7.9359E+02   4.0592E-18   3.4852E-26   3.5219E-03  -4.1472E-05   1.0000E+00
 8.3115E+02   3.7005E-18   2.8968E-26   3.2107E-03  -3.8547E-05   1.0000E+00
 8.7048E+02   3.3734E-18   2.4076E-26   2.9268E-03  -3.5771E-05   1.0000E+00
 9.1167E+02   3.0752E-18   2.0011E-26   2.6681E-03  -3.3140E-05   1.0000E+00
 9.5482E+02   2.8036E-18   1.6632E-26   2.4325E-03  -3.0637E-05   1.0000E+00
 1.0000E+03   2.5561E-18   1.3824E-26   2.2177E-03  -2.8401E-05   1.0000E+00
