 1.0000E-02   2.5096E-14   5.0487E-15   2.1774E+01   8.6222E-01   9.9688E-01
 1.0473E-02   2.7315E-14   5.4305E-15   2.3699E+01   8.5166E-01   9.9668E-01
 1.0969E-02   2.8175E-14   5.8200E-15   2.4445E+01   8.4035E-01   9.9657E-01
 1.1488E-02   3.0816E-14   6.3559E-15   2.6737E+01   8.2815E-01   9.9641E-01
 1.2032E-02   3.3678E-14   6.9146E-15   2.9220E+01   8.1536E-01   9.9624E-01
 1.2601E-02   3.6618E-14   7.4511E-15   3.1771E+01   8.0191E-01   9.9603E-01
 1.3197E-02   3.9591E-14   8.0280E-15   3.4350E+01   7.8757E-01   9.9568E-01
 1.3822E-02   4.2766E-14   8.6463E-15   3.7104E+01   7.7218E-01   9.9514E-01
 1.4476E-02   4.6510E-14   9.3231E-15   4.0353E+01   7.5575E-01   9.9440E-01
 1.5161E-02   5.0453E-14   9.9766E-15   4.3774E+01   7.3850E-01   9.9355E-01
 1.5878E-02   5.4795E-14   1.0711E-14   4.7541E+01   7.2059E-01   9.9263E-01
 1.6630E-02   5.9379E-14   1.1440E-14   5.1518E+01   7.0216E-01   9.9179E-01
 1.7417E-02   6.4370E-14   1.2208E-14   5.5848E+01   6.8313E-01   9.9113E-01
 1.8241E-02   6.9669E-14   1.2995E-14   6.0447E+01   6.6336E-01   9.9070E-01
 1.9104E-02   7.4683E-14   1.3725E-14   6.4796E+01   6.4264E-01   9.9055E-01
 2.0008E-02   8.0889E-14   1.4633E-14   7.0181E+01   6.2048E-01   9.9056E-01
 2.0955E-02   8.7402E-14   1.5528E-14   7.5832E+01   5.9697E-01   9.9075E-01
 2.1947E-02   9.4313E-14   1.6411E-14   8.1828E+01   5.7215E-01   9.9105E-01
 2.2985E-02   1.0174E-13   1.7325E-14   8.8276E+01   5.4615E-01   9.9140E-01
 2.4073E-02   1.0961E-13   1.8264E-14   9.5101E+01   5.1922E-01   9.9178E-01
 2.5212E-02   1.1830E-13   1.9220E-14   1.0264E+02   4.9174E-01   9.9216E-01
 2.6405E-02   1.2752E-13   2.0152E-14   1.1064E+02   4.6406E-01   9.9253E-01
 2.7655E-02   1.3722E-13   2.1044E-14   1.1905E+02   4.3651E-01   9.9289E-01
 2.8963E-02   1.4755E-13   2.1895E-14   1.2801E+02   4.0937E-01   9.9324E-01
 3.0334E-02   1.5855E-13   2.2691E-14   1.3756E+02   3.8285E-01   9.9357E-01
 3.1769E-02   1.7018E-13   2.3390E-14   1.4765E+02   3.5717E-01   9.9389E-01
 3.3273E-02   1.8226E-13   2.3937E-14   1.5813E+02   3.3246E-01   9.9421E-01
 3.4847E-02   1.9485E-13   2.4240E-14   1.6906E+02   3.0888E-01   9.9456E-01
 3.6496E-02   2.0467E-13   2.3082E-14   1.7757E+02   2.8703E-01   9.9514E-01
 3.8223E-02   1.9188E-13   2.1747E-14   1.6648E+02   2.6423E-01   9.9579E-01
 4.0032E-02   1.9325E-13   2.3459E-14   1.6766E+02   2.4201E-01   9.9590E-01
 4.1927E-02   2.0334E-13   2.6326E-14   1.7643E+02   2.2113E-01   9.9582E-01
 4.3911E-02   2.2843E-13   3.0007E-14   1.9819E+02   2.0210E-01   9.9555E-01
 4.5989E-02   2.5529E-13   3.3058E-14   2.2149E+02   1.8470E-01   9.9537E-01
 4.8165E-02   2.8987E-13   3.6317E-14   2.5150E+02   1.6872E-01   9.9513E-01
 5.0444E-02   3.2585E-13   3.9354E-14   2.8272E+02   1.5388E-01   9.9494E-01
 5.2831E-02   3.6877E-13   4.3221E-14   3.1995E+02   1.4001E-01   9.9469E-01
 5.5331E-02   4.2764E-13   4.8276E-14   3.7103E+02   1.2713E-01   9.9432E-01
 5.7950E-02   4.9350E-13   5.2971E-14   4.2817E+02   1.1511E-01   9.9394E-01
 6.0692E-02   5.5639E-13   5.6594E-14   4.8274E+02   1.0352E-01   9.9370E-01
 6.3564E-02   6.3309E-13   6.2694E-14   5.4928E+02   9.2279E-02   9.9354E-01
 6.6572E-02   7.5792E-13   7.4728E-14   6.5759E+02   8.1017E-02   9.9316E-01
 6.9723E-02   9.0947E-13   8.8419E-14   7.8907E+02   6.9288E-02   9.9292E-01
 7.3022E-02   9.8289E-13   9.3390E-14   8.5278E+02   5.8739E-02   9.9334E-01
 7.6478E-02   9.6468E-13   9.1972E-14   8.3698E+02   4.9366E-02   9.9385E-01
 8.0097E-02   8.5823E-13   8.2234E-14   7.4462E+02   4.2490E-02   9.9417E-01
 8.3887E-02   7.3340E-13   6.5178E-14   6.3631E+02   4.0535E-02   9.9452E-01
 8.7857E-02   6.4815E-13   4.9825E-14   5.6235E+02   4.2096E-02   9.9538E-01
 9.2014E-02   6.0387E-13   4.5645E-14   5.2393E+02   3.8607E-02   9.9572E-01
 9.6369E-02   5.0715E-13   4.0169E-14   4.4002E+02   3.6586E-02   9.9550E-01
 1.0093E-01   3.7826E-13   2.9679E-14   3.2819E+02   4.0197E-02   9.9528E-01
 1.0571E-01   2.6670E-13   2.2249E-14   2.3140E+02   3.9959E-02   9.9516E-01
 1.1071E-01   1.7105E-13   1.4148E-14   1.4841E+02   4.9811E-02   9.9308E-01
 1.1595E-01   1.2626E-13   8.8911E-15   1.0954E+02   5.4606E-02   9.9628E-01
 1.2143E-01   9.7242E-14   5.9963E-15   8.4370E+01   4.8722E-02   9.9793E-01
 1.2718E-01   7.7884E-14   4.0002E-15   6.7573E+01   4.1671E-02   9.9886E-01
 1.3320E-01   6.8879E-14   2.6962E-15   5.9761E+01   3.5860E-02   9.9931E-01
 1.3950E-01   6.6727E-14   1.8401E-15   5.7894E+01   3.1347E-02   9.9953E-01
 1.4610E-01   6.7765E-14   1.3377E-15   5.8795E+01   2.8279E-02   9.9960E-01
 1.5302E-01   7.2284E-14   9.5465E-16   6.2715E+01   2.5426E-02   9.9972E-01
 1.6026E-01   8.3323E-14   7.3793E-16   7.2293E+01   2.1873E-02   9.9982E-01
 1.6784E-01   1.0062E-13   6.7449E-16   8.7298E+01   1.8466E-02   9.9989E-01
 1.7578E-01   1.2610E-13   7.5510E-16   1.0941E+02   1.5065E-02   9.9993E-01
 1.8410E-01   1.6440E-13   9.9737E-16   1.4264E+02   1.1884E-02   9.9994E-01
 1.9281E-01   2.2218E-13   1.4832E-15   1.9277E+02   9.1460E-03   9.9993E-01
 2.0194E-01   2.9517E-13   2.2391E-15   2.5609E+02   6.7623E-03   9.9992E-01
 2.1150E-01   3.3970E-13   2.9332E-15   2.9473E+02   4.6771E-03   9.9992E-01
 2.2150E-01   2.9584E-13   2.8699E-15   2.5667E+02   2.8789E-03   9.9991E-01
 2.3199E-01   2.1223E-13   2.1012E-15   1.8414E+02   1.5768E-03   9.9988E-01
 2.4296E-01   1.4884E-13   1.4106E-15   1.2913E+02   6.4935E-04   9.9984E-01
 2.5446E-01   1.1448E-13   9.6441E-16   9.9329E+01   6.1535E-04   9.9979E-01
 2.6650E-01   9.3943E-14   6.9189E-16   8.1507E+01   1.5294E-03   9.9976E-01
 2.7911E-01   8.0290E-14   5.1710E-16   6.9661E+01   3.0795E-03   9.9977E-01
 2.9232E-01   7.0395E-14   3.9607E-16   6.1076E+01   4.4383E-03   9.9980E-01
 3.0616E-01   6.2129E-14   3.1150E-16   5.3904E+01   5.1108E-03   9.9984E-01
 3.2064E-01   5.5366E-14   2.4716E-16   4.8036E+01   5.3742E-03   9.9987E-01
 3.3582E-01   4.9972E-14   1.9797E-16   4.3357E+01   5.3236E-03   9.9990E-01
 3.5171E-01   4.5753E-14   1.6035E-16   3.9696E+01   5.0907E-03   9.9992E-01
 3.6835E-01   4.2264E-14   1.3103E-16   3.6669E+01   4.7921E-03   9.9993E-01
 3.8579E-01   3.8905E-14   1.0779E-16   3.3755E+01   4.5061E-03   9.9994E-01
 4.0404E-01   3.5740E-14   8.8893E-17   3.1009E+01   4.2181E-03   9.9995E-01
 4.2316E-01   3.2685E-14   7.3369E-17   2.8358E+01   3.9375E-03   9.9996E-01
 4.4319E-01   2.9833E-14   6.0574E-17   2.5883E+01   3.6630E-03   9.9997E-01
 4.6416E-01   2.7372E-14   5.0034E-17   2.3749E+01   3.3856E-03   9.9997E-01
 4.8612E-01   2.5241E-14   4.1409E-17   2.1899E+01   3.1195E-03   9.9998E-01
 5.0913E-01   2.3404E-14   3.4285E-17   2.0305E+01   2.8656E-03   9.9998E-01
 5.3322E-01   2.1762E-14   2.8442E-17   1.8881E+01   2.6281E-03   9.9998E-01
 5.5845E-01   2.0265E-14   2.3638E-17   1.7582E+01   2.4092E-03   9.9999E-01
 5.8488E-01   1.8903E-14   1.9682E-17   1.6401E+01   2.2065E-03   9.9999E-01
 6.1256E-01   1.7655E-14   1.6408E-17   1.5318E+01   2.0203E-03   9.9999E-01
 6.4155E-01   1.6502E-14   1.3692E-17   1.4318E+01   1.8497E-03   9.9999E-01
 6.7191E-01   1.5424E-14   1.1435E-17   1.3383E+01   1.6941E-03   9.9999E-01
 7.0370E-01   1.4397E-14   9.5544E-18   1.2491E+01   1.5540E-03   9.9999E-01
 7.3700E-01   1.3430E-14   7.9868E-18   1.1652E+01   1.4269E-03   9.9999E-01
 7.7188E-01   1.2507E-14   6.6768E-18   1.0851E+01   1.3127E-03   9.9999E-01
 8.0841E-01   1.1641E-14   5.5810E-18   1.0100E+01   1.2087E-03   1.0000E+00
 8.4666E-01   1.0819E-14   4.6651E-18   9.3870E+00   1.1148E-03   1.0000E+00
 8.8673E-01   1.0058E-14   3.8982E-18   8.7264E+00   1.0286E-03   1.0000E+00
 9.2869E-01   9.3348E-15   3.2564E-18   8.0991E+00   9.5127E-04   1.0000E+00
 9.7264E-01   8.6635E-15   2.7196E-18   7.5166E+00   8.8035E-04   1.0000E+00
 1.0187E+00   8.0371E-15   2.2708E-18   6.9732E+00   8.1566E-04   1.0000E+00
 1.0669E+00   7.4582E-15   1.8952E-18   6.4709E+00   7.5601E-04   1.0000E+00
 1.1174E+00   6.9214E-15   1.5818E-18   6.0051E+00   7.0099E-04   1.0000E+00
 1.1702E+00   6.4321E-15   1.3198E-18   5.5806E+00   6.4947E-04   1.0000E+00
 1.2256E+00   5.9858E-15   1.1011E-18   5.1934E+00   6.0125E-04   1.0000E+00
 1.2836E+00   5.5690E-15   9.1881E-19   4.8318E+00   5.5662E-04   1.0000E+00
 1.3444E+00   5.1797E-15   7.6685E-19   4.4940E+00   5.1532E-04   1.0000E+00
 1.4080E+00   4.8160E-15   6.3979E-19   4.1784E+00   4.7769E-04   1.0000E+00
 1.4746E+00   4.4805E-15   5.3369E-19   3.8873E+00   4.4278E-04   1.0000E+00
 1.5444E+00   4.1773E-15   4.4504E-19   3.6243E+00   4.0960E-04   1.0000E+00
 1.6175E+00   3.8957E-15   3.7145E-19   3.3800E+00   3.7819E-04   1.0000E+00
 1.6940E+00   3.6306E-15   3.0999E-19   3.1500E+00   3.4939E-04   1.0000E+00
 1.7742E+00   3.3811E-15   2.5868E-19   2.9335E+00   3.2313E-04   1.0000E+00
 1.8581E+00   3.1501E-15   2.1579E-19   2.7331E+00   2.9886E-04   1.0000E+00
 1.9461E+00   2.9359E-15   1.8002E-19   2.5473E+00   2.7620E-04   1.0000E+00
 2.0382E+00   2.7371E-15   1.5020E-19   2.3747E+00   2.5500E-04   1.0000E+00
 2.1346E+00   2.5513E-15   1.2530E-19   2.2136E+00   2.3543E-04   1.0000E+00
 2.2356E+00   2.3779E-15   1.0450E-19   2.0631E+00   2.1747E-04   1.0000E+00
 2.3414E+00   2.2158E-15   8.7156E-20   1.9224E+00   2.0085E-04   1.0000E+00
 2.4522E+00   2.0664E-15   7.2703E-20   1.7929E+00   1.8513E-04   1.0000E+00
 2.5683E+00   1.9272E-15   6.0646E-20   1.6721E+00   1.7043E-04   1.0000E+00
 2.6898E+00   1.7963E-15   5.0578E-20   1.5585E+00   1.5700E-04   1.0000E+00
 2.8171E+00   1.6726E-15   4.2186E-20   1.4512E+00   1.4470E-04   1.0000E+00
 2.9504E+00   1.5570E-15   3.5174E-20   1.3509E+00   1.3342E-04   1.0000E+00
 3.0900E+00   1.4504E-15   2.9323E-20   1.2584E+00   1.2299E-04   1.0000E+00
 3.2362E+00   1.3511E-15   2.4444E-20   1.1723E+00   1.1321E-04   1.0000E+00
 3.3894E+00   1.2574E-15   2.0374E-20   1.0909E+00   1.0433E-04   1.0000E+00
 3.5498E+00   1.1706E-15   1.6979E-20   1.0156E+00   9.6091E-05   1.0000E+00
 3.7178E+00   1.0901E-15   1.4147E-20   9.4583E-01   8.8457E-05   1.0000E+00
 3.8937E+00   1.0155E-15   1.1787E-20   8.8107E-01   8.1318E-05   1.0000E+00
 4.0779E+00   9.4617E-16   9.8222E-21   8.2092E-01   7.4610E-05   1.0000E+00
 4.2709E+00   8.8134E-16   8.1831E-21   7.6467E-01   6.8372E-05   1.0000E+00
 4.4730E+00   8.2113E-16   6.8161E-21   7.1243E-01   6.2566E-05   1.0000E+00
 4.6847E+00   7.6519E-16   5.6770E-21   6.6390E-01   5.7232E-05   1.0000E+00
 4.9064E+00   7.1365E-16   4.7266E-21   6.1918E-01   5.2251E-05   1.0000E+00
 5.1386E+00   6.6508E-16   3.9360E-21   5.7704E-01   4.7648E-05   1.0000E+00
 5.3818E+00   6.1936E-16   3.2766E-21   5.3737E-01   4.3411E-05   1.0000E+00
 5.6364E+00   5.7696E-16   2.7273E-21   5.0059E-01   3.9581E-05   1.0000E+00
 5.9032E+00   5.3821E-16   2.2693E-21   4.6696E-01   3.6055E-05   1.0000E+00
 6.1825E+00   5.0305E-16   1.8879E-21   4.3646E-01   3.2710E-05   1.0000E+00
 6.4751E+00   4.6948E-16   1.5698E-21   4.0733E-01   2.9934E-05   1.0000E+00
 6.7815E+00   4.3896E-16   1.3051E-21   3.8085E-01   2.7043E-05   1.0000E+00
 7.1024E+00   4.1117E-16   1.0845E-21   3.5674E-01   2.4420E-05   1.0000E+00
 7.4385E+00   3.8995E-16   9.0056E-22   3.3833E-01   2.1996E-05   1.0000E+00
 7.7905E+00   3.8897E-16   7.4786E-22   3.3747E-01   1.9645E-05   1.0000E+00
 8.1592E+00   4.2117E-16   6.2263E-22   3.6541E-01   1.7327E-05   1.0000E+00
 8.5453E+00   4.6382E-16   5.1993E-22   4.0242E-01   1.5306E-05   1.0000E+00
 8.9497E+00   5.1740E-16   4.3587E-22   4.4891E-01   1.3476E-05   1.0000E+00
 9.3732E+00   5.6991E-16   3.6812E-22   4.9447E-01   1.1766E-05   1.0000E+00
 9.8168E+00   5.3935E-16   3.0858E-22   4.6796E-01   1.0249E-05   1.0000E+00
 1.0281E+01   4.9602E-16   2.5773E-22   4.3035E-01   8.8302E-06   1.0000E+00
 1.0768E+01   4.3496E-16   2.1445E-22   3.7738E-01   7.5466E-06   1.0000E+00
 1.1277E+01   3.8715E-16   1.7727E-22   3.3590E-01   6.3151E-06   1.0000E+00
 1.1811E+01   3.4321E-16   1.4812E-22   2.9777E-01   5.1745E-06   1.0000E+00
 1.2370E+01   3.0947E-16   1.2240E-22   2.6850E-01   3.9854E-06   1.0000E+00
 1.2955E+01   2.8182E-16   1.0128E-22   2.4451E-01   2.8082E-06   1.0000E+00
 1.3568E+01   2.6127E-16   8.3754E-23   2.2668E-01   1.8118E-06   1.0000E+00
 1.4211E+01   2.5192E-16   6.9204E-23   2.1857E-01   9.2334E-07   1.0000E+00
 1.4883E+01   2.5700E-16   5.7298E-23   2.2298E-01   1.1458E-07   1.0000E+00
 1.5587E+01   2.6720E-16   4.7568E-23   2.3183E-01  -6.2244E-07   1.0000E+00
 1.6325E+01   2.8061E-16   3.9585E-23   2.4346E-01  -1.3730E-06   1.0000E+00
 1.7097E+01   2.9453E-16   3.3027E-23   2.5554E-01  -2.1037E-06   1.0000E+00
 1.7907E+01   3.0544E-16   2.7619E-23   2.6501E-01  -2.7799E-06   1.0000E+00
 1.8754E+01   3.1068E-16   2.3113E-23   2.6955E-01  -3.4229E-06   1.0000E+00
 1.9641E+01   3.1009E-16   1.9326E-23   2.6904E-01  -4.1600E-06   1.0000E+00
 2.0571E+01   3.0695E-16   1.6133E-23   2.6632E-01  -4.8908E-06   1.0000E+00
 2.1544E+01   3.0686E-16   1.3465E-23   2.6624E-01  -5.4013E-06   1.0000E+00
 2.2564E+01   3.0758E-16   1.1251E-23   2.6686E-01  -5.8214E-06   1.0000E+00
 2.3632E+01   3.1024E-16   9.4091E-24   2.6917E-01  -6.1887E-06   1.0000E+00
 2.4750E+01   3.1306E-16   7.8841E-24   2.7162E-01  -6.7097E-06   1.0000E+00
 2.5921E+01   3.1571E-16   6.6137E-24   2.7391E-01  -7.0988E-06   1.0000E+00
 2.7148E+01   3.1748E-16   5.5567E-24   2.7545E-01  -7.2642E-06   1.0000E+00
 2.8433E+01   3.1853E-16   4.6774E-24   2.7637E-01  -7.3206E-06   1.0000E+00
 2.9778E+01   3.1799E-16   3.9433E-24   2.7590E-01  -7.2465E-06   1.0000E+00
 3.1187E+01   3.1528E-16   3.3282E-24   2.7354E-01  -7.0973E-06   1.0000E+00
 3.2663E+01   3.1009E-16   2.8114E-24   2.6904E-01  -6.8356E-06   1.0000E+00
 3.4209E+01   3.0270E-16   2.3760E-24   2.6263E-01  -6.4783E-06   1.0000E+00
 3.5828E+01   2.9293E-16   2.0079E-24   2.5415E-01  -6.0124E-06   1.0000E+00
 3.7523E+01   2.8108E-16   1.6960E-24   2.4387E-01  -5.5030E-06   1.0000E+00
 3.9299E+01   2.6742E-16   1.4317E-24   2.3202E-01  -4.9585E-06   1.0000E+00
 4.1158E+01   2.5250E-16   1.2072E-24   2.1907E-01  -4.3732E-06   1.0000E+00
 4.3106E+01   2.3662E-16   1.0166E-24   2.0530E-01  -3.7531E-06   1.0000E+00
 4.5146E+01   2.2060E-16   8.5498E-25   1.9140E-01  -2.9702E-06   1.0000E+00
 4.7282E+01   2.0445E-16   7.1809E-25   1.7738E-01  -1.9385E-06   1.0000E+00
 4.9520E+01   1.8871E-16   6.0229E-25   1.6373E-01  -7.6546E-07   1.0000E+00
 5.1863E+01   1.7363E-16   5.0462E-25   1.5064E-01   4.4231E-07   1.0000E+00
 5.4317E+01   1.5934E-16   4.2230E-25   1.3825E-01   1.5114E-06   1.0000E+00
 5.6888E+01   1.4576E-16   3.5311E-25   1.2647E-01   2.4665E-06   1.0000E+00
 5.9580E+01   1.3311E-16   2.9497E-25   1.1549E-01   3.2641E-06   1.0000E+00
 6.2399E+01   1.2142E-16   2.4624E-25   1.0535E-01   3.8943E-06   1.0000E+00
 6.5352E+01   1.1064E-16   2.0542E-25   9.5995E-02   4.3664E-06   1.0000E+00
 6.8445E+01   1.0072E-16   1.7127E-25   8.7387E-02   4.6731E-06   1.0000E+00
 7.1684E+01   9.1614E-17   1.4273E-25   7.9486E-02   4.8431E-06   1.0000E+00
 7.5076E+01   8.3339E-17   1.1889E-25   7.2306E-02   4.8889E-06   1.0000E+00
 7.8629E+01   7.5763E-17   9.9001E-26   6.5734E-02   4.8365E-06   1.0000E+00
 8.2350E+01   6.8873E-17   8.2409E-26   5.9755E-02   4.6673E-06   1.0000E+00
 8.6247E+01   6.2658E-17   6.8586E-26   5.4364E-02   4.3752E-06   1.0000E+00
 9.0328E+01   5.6998E-17   5.7064E-26   4.9453E-02   3.9877E-06   1.0000E+00
 9.4603E+01   5.1872E-17   4.7471E-26   4.5006E-02   3.5959E-06   1.0000E+00
 9.9080E+01   4.7227E-17   3.9483E-26   4.0975E-02   3.2082E-06   1.0000E+00
 1.0377E+02   4.3009E-17   3.2831E-26   3.7315E-02   2.7855E-06   1.0000E+00
 1.0868E+02   3.9271E-17   2.7295E-26   3.4073E-02   2.3229E-06   1.0000E+00
 1.1382E+02   3.5945E-17   2.2691E-26   3.1186E-02   1.8582E-06   1.0000E+00
 1.1921E+02   3.3037E-17   1.8863E-26   2.8663E-02   1.4195E-06   1.0000E+00
 1.2485E+02   3.0496E-17   1.5684E-26   2.6459E-02   1.0204E-06   1.0000E+00
 1.3076E+02   2.8271E-17   1.3050E-26   2.4528E-02   6.6132E-07   1.0000E+00
 1.3695E+02   2.6192E-17   1.0869E-26   2.2724E-02   3.5344E-07   1.0000E+00
 1.4343E+02   2.4030E-17   9.0580E-27   2.0849E-02   8.5069E-08   1.0000E+00
 1.5021E+02   2.1767E-17   7.5465E-27   1.8885E-02  -1.4319E-07   1.0000E+00
 1.5732E+02   1.9572E-17   6.2815E-27   1.6981E-02  -3.3594E-07   1.0000E+00
 1.6477E+02   1.7574E-17   5.2244E-27   1.5247E-02  -4.9958E-07   1.0000E+00
 1.7256E+02   1.5802E-17   4.3434E-27   1.3710E-02  -6.3879E-07   1.0000E+00
 1.8073E+02   1.4248E-17   3.6100E-27   1.2362E-02  -7.5495E-07   1.0000E+00
 1.8928E+02   1.2876E-17   3.0001E-27   1.1172E-02  -8.5199E-07   1.0000E+00
 1.9824E+02   1.1654E-17   2.4932E-27   1.0111E-02  -9.3287E-07   1.0000E+00
 2.0762E+02   1.0565E-17   2.0720E-27   9.1667E-03  -9.9675E-07   1.0000E+00
 2.1744E+02   9.5905E-18   1.7219E-27   8.3210E-03  -1.0471E-06   1.0000E+00
 2.2773E+02   8.7094E-18   1.4310E-27   7.5565E-03  -1.0862E-06   1.0000E+00
 2.3851E+02   7.9139E-18   1.1893E-27   6.8663E-03  -1.1146E-06   1.0000E+00
 2.4980E+02   7.1959E-18   9.8838E-28   6.2433E-03  -1.1335E-06   1.0000E+00
 2.6162E+02   6.5439E-18   8.2142E-28   5.6776E-03  -1.1436E-06   1.0000E+00
 2.7400E+02   5.9547E-18   6.8268E-28   5.1665E-03  -1.1462E-06   1.0000E+00
 2.8697E+02   5.4191E-18   5.6737E-28   4.7017E-03  -1.1422E-06   1.0000E+00
 3.0055E+02   4.9328E-18   4.7154E-28   4.2798E-03  -1.1302E-06   1.0000E+00
 3.1477E+02   4.4913E-18   3.9190E-28   3.8967E-03  -1.1150E-06   1.0000E+00
 3.2966E+02   4.0899E-18   3.2572E-28   3.5485E-03  -1.0934E-06   1.0000E+00
 3.4527E+02   3.7246E-18   2.7071E-28   3.2315E-03  -1.0682E-06   1.0000E+00
 3.6160E+02   3.3928E-18   2.2499E-28   2.9436E-03  -1.0384E-06   1.0000E+00
 3.7872E+02   3.0904E-18   1.8700E-28   2.6813E-03  -1.0079E-06   1.0000E+00
 3.9664E+02   2.8154E-18   1.5542E-28   2.4427E-03  -9.7283E-07   1.0000E+00
 4.1541E+02   2.5650E-18   1.2917E-28   2.2255E-03  -9.3709E-07   1.0000E+00
 4.3507E+02   2.3368E-18   1.0736E-28   2.0275E-03  -8.9741E-07   1.0000E+00
 4.5565E+02   2.1296E-18   8.9229E-29   1.8477E-03  -8.6109E-07   1.0000E+00
 4.7722E+02   1.9405E-18   7.4162E-29   1.6836E-03  -8.1961E-07   1.0000E+00
 4.9980E+02   1.7684E-18   6.1639E-29   1.5343E-03  -7.8114E-07   1.0000E+00
 5.2345E+02   1.6114E-18   5.1230E-29   1.3981E-03  -7.3837E-07   1.0000E+00
 5.4822E+02   1.4685E-18   4.2579E-29   1.2741E-03  -6.9842E-07   1.0000E+00
 5.7416E+02   1.3384E-18   3.5390E-29   1.1612E-03  -6.6097E-07   1.0000E+00
 6.0133E+02   1.2200E-18   2.9414E-29   1.0585E-03  -6.2162E-07   1.0000E+00
 6.2979E+02   1.1119E-18   2.4447E-29   9.6475E-04  -5.8385E-07   1.0000E+00
 6.5959E+02   1.0133E-18   2.0319E-29   8.7919E-04  -5.4682E-07   1.0000E+00
 6.9081E+02   9.2359E-19   1.6888E-29   8.0133E-04  -5.1467E-07   1.0000E+00
 7.2350E+02   8.4194E-19   1.4036E-29   7.3048E-04  -4.7883E-07   1.0000E+00
 7.5774E+02   7.6752E-19   1.1666E-29   6.6592E-04  -4.4150E-07   1.0000E+00
 7.9359E+02   6.9952E-19   9.6961E-30   6.0691E-04  -4.1356E-07   1.0000E+00
 8.3115E+02   6.3764E-19   8.0589E-30   5.5323E-04  -3.8763E-07   1.0000E+00
 8.7048E+02   5.8123E-19   6.6981E-30   5.0428E-04  -3.5720E-07   1.0000E+00
 9.1167E+02   5.2980E-19   5.5671E-30   4.5967E-04  -3.2800E-07   1.0000E+00
 9.5482E+02   4.8299E-19   4.6271E-30   4.1905E-04  -3.1364E-07   1.0000E+00
 1.0000E+03   4.4031E-19   3.8458E-30   3.8202E-04  -2.7582E-07   1.0000E+00
