Herschel PACS-1 (70)
      117.847  0.000
      116.840  0.000122309
      115.833  0.000135424
      114.827  0.000172121
      113.820  0.000205982
      112.813  0.000235812
      111.807  0.000273182
      110.800  0.000294364
      109.793  0.000346988
      108.787  0.000446025
      107.780  0.000541055
      106.773  0.000629473
      105.767  0.000798607
      104.760   0.00102589
      103.753   0.00123061
      102.747   0.00149175
      101.740   0.00192043
      100.733   0.00258769
      99.7267   0.00344543
      98.7200   0.00426867
      97.7133   0.00502754
      96.7067   0.00614411
      95.7000   0.00759591
      94.6933   0.00952687
      93.6867    0.0120296
      92.6800    0.0147175
      91.6733    0.0172687
      90.6667    0.0203406
      89.6600    0.0266296
      88.6533    0.0384717
      87.6467    0.0546827
      86.6400    0.0756113
      85.6333    0.0981367
      84.6267     0.125580
      83.6200     0.172587
      82.6133     0.231673
      81.6067     0.292534
      80.6000     0.342091
      79.5933     0.375933
      78.5867     0.393825
      77.5800     0.446573
      76.5733     0.477991
      75.5667     0.489845
      74.5600     0.482680
      73.5533     0.468367
      72.5467     0.457402
      71.5400     0.450147
      70.5333     0.434776
      69.5267     0.432942
      68.5200     0.447047
      67.5133     0.487847
      66.5067     0.501181
      65.5000     0.506845
      64.4933     0.491458
      63.4867     0.430175
      62.4800     0.379929
      61.4733     0.318433
      60.4667     0.262591
      59.4600     0.184424
      58.4533     0.112397
      57.4467    0.0567114
      56.4400    0.0197289
      55.4333   0.00300467
      54.4267  0.000308399
      53.4200  7.26546e-05
      52.4133  2.92848e-05
      51.4067  1.66061e-06
      50.4000      0.00000
