Herschel PACS-2 (110)
      145.89   0.00
      145.887  0.000115449
      144.886  0.000184302
      143.885  0.000291409
      142.884  0.000440125
      141.883  0.000682715
      140.883   0.00107189
      139.882   0.00157446
      138.881   0.00210874
      137.880   0.00288866
      136.879   0.00364687
      135.878   0.00432707
      134.877   0.00502534
      133.876   0.00547375
      132.875   0.00535901
      131.874   0.00522728
      130.873   0.00559995
      129.872   0.00776561
      128.872    0.0135335
      127.871    0.0248453
      126.870    0.0423178
      125.869    0.0669687
      124.868    0.0991583
      123.867     0.135882
      122.866     0.176364
      121.865     0.216592
      120.864     0.253519
      119.863     0.285854
      118.862     0.311701
      117.861     0.331846
      116.861     0.346707
      115.860     0.359983
      114.859     0.372876
      113.858     0.383011
      112.857     0.393108
      111.856     0.397971
      110.855     0.401930
      109.854     0.406413
      108.853     0.414284
      107.852     0.417951
      106.851     0.416723
      105.850     0.422566
      104.850     0.448211
      103.849     0.471450
      102.848     0.481440
      101.847     0.492688
      100.846     0.510270
      99.8449     0.530991
      98.8440     0.555150
      97.8431     0.562451
      96.8422     0.562356
      95.8413     0.559491
      94.8404     0.553865
      93.8394     0.542980
      92.8385     0.508320
      91.8376     0.460190
      90.8367     0.411470
      89.8358     0.389724
      88.8349     0.402705
      87.8339     0.414244
      86.8330     0.419977
      85.8321     0.382856
      84.8312     0.299356
      83.8303     0.226344
      82.8294     0.126944
      81.8284    0.0580006
      80.8275    0.0245882
      79.8266    0.0108877
      78.8257   0.00425230
      77.8248   0.00207704
      76.8239  0.000724651
      75.8229  0.000427670
      74.8220  0.000197755
      73.8211  5.89037e-05
      72.8202  0.000243911
      71.8193  0.000946478
      70.8183  0.000600060
      69.8174  0.000327126
      68.8165  0.000158243
      67.8156  0.000188645
      66.8147  0.000187454
      65.8138  0.000485742
      64.8128  0.000353321
      63.8119  0.000323963
      62.8110  0.000491566
      61.8101  0.000168017
      60.8092  0.000368121
      59.8083  0.000196792
      58.8073  0.000224735
      57.8064  6.71047e-05
      56.8055  5.11785e-05
      55.8046  3.34021e-05
      54.8037  9.57214e-06
      53.8027  3.54545e-06
      52.8018  4.62635e-06
      51.8009  3.00333e-06
      50.8000      0.00000
