Herschel PACS-3 (170)
      289.33   0.0
      289.327  0.000103567
      287.822  0.000121031
      286.317  0.000137689
      284.812  0.000152614
      283.308  0.000168629
      281.803  0.000189049
      280.298  0.000213580
      278.793  0.000233267
      277.288  0.000252098
      275.784  0.000277568
      274.279  0.000321069
      272.774  0.000364300
      271.269  0.000409224
      269.764  0.000466877
      268.260  0.000546839
      266.755  0.000627746
      265.250  0.000699818
      263.745  0.000795606
      262.240  0.000911059
      260.736   0.00102427
      259.231   0.00113394
      257.726   0.00126191
      256.221   0.00140092
      254.716   0.00153146
      253.212   0.00169957
      251.707   0.00191349
      250.202   0.00212118
      248.697   0.00238983
      247.192   0.00278002
      245.688   0.00311518
      244.183   0.00347034
      242.678   0.00408766
      241.173   0.00468620
      239.668   0.00527131
      238.163   0.00607958
      236.659   0.00697920
      235.154   0.00801197
      233.649   0.00926146
      232.144    0.0107948
      230.639    0.0127606
      229.135    0.0152102
      227.630    0.0176864
      226.125    0.0208430
      224.620    0.0248574
      223.115    0.0287843
      221.611    0.0339518
      220.106    0.0404582
      218.601    0.0479346
      217.096    0.0571476
      215.591    0.0671224
      214.087    0.0799006
      212.582    0.0934799
      211.077     0.107606
      209.572     0.122787
      208.067     0.141837
      206.562     0.165523
      205.058     0.184626
      203.553     0.208529
      202.048     0.225826
      200.543     0.249228
      199.038     0.265734
      197.534     0.282411
      196.029     0.295556
      194.524     0.315002
      193.019     0.324664
      191.514     0.332514
      190.010     0.335886
      188.505     0.341168
      187.000     0.337602
      185.495     0.337398
      183.990     0.339073
      182.486     0.339315
      180.981     0.337047
      179.476     0.335281
      177.971     0.342220
      176.466     0.342504
      174.962     0.345378
      173.457     0.349649
      171.952     0.348415
      170.447     0.352696
      168.942     0.363336
      167.438     0.371086
      165.933     0.388007
      164.428     0.403586
      162.923     0.413302
      161.418     0.421619
      159.913     0.435814
      158.409     0.445795
      156.904     0.450204
      155.399     0.454261
      153.894     0.455257
      152.389     0.454411
      150.885     0.452553
      149.380     0.448213
      147.875     0.440211
      146.370     0.432014
      144.865     0.426194
      143.361     0.426733
      141.856     0.426336
      140.351     0.424091
      138.846     0.416524
      137.341     0.398725
      135.837     0.379346
      134.332     0.378107
      132.827     0.379996
      131.322     0.355599
      129.817     0.301006
      128.312     0.232035
      126.808     0.161518
      125.303     0.102958
      123.798    0.0607991
      122.293    0.0343554
      120.788    0.0189848
      119.284    0.0101306
      117.779   0.00515963
      116.274   0.00272400
      114.769   0.00164471
      113.264  0.000668121
      111.760  0.000174982
      110.255  2.34475e-05
      108.750      0.00000
