Herschel SPIRE-1 (250)
      291.842      0.00000
      291.411     0.485542
      290.980     0.496362
      290.552     0.510964
      290.123     0.531133
      289.696     0.544612
      289.272     0.552745
      288.847     0.567640
      288.424     0.581328
      288.003     0.586314
      287.582     0.589601
      287.163     0.590798
      286.745     0.589116
      286.328     0.556360
      285.913     0.567041
      285.498     0.612925
      285.085     0.573461
      284.673     0.546201
      284.262     0.542240
      283.852     0.534718
      283.444     0.548575
      283.037     0.566656
      282.631     0.579255
      282.226     0.578268
      281.822     0.582076
      281.420     0.596364
      281.018     0.611185
      280.617     0.612837
      280.219     0.615085
      279.820     0.620920
      279.424     0.621988
      279.028     0.626509
      278.633     0.634675
      278.240     0.634490
      277.847     0.632935
      277.456     0.631536
      277.066     0.631901
      276.676     0.635483
      276.289     0.638489
      275.902     0.645672
      275.516     0.653014
      275.131     0.658351
      274.747     0.662555
      274.364     0.663723
      273.983     0.663680
      273.602     0.661358
      273.223     0.655621
      272.845     0.652097
      272.467     0.650601
      272.091     0.646151
      271.716     0.638503
      271.341     0.629431
      270.968     0.624441
      270.596     0.626587
      270.224     0.630499
      269.855     0.632486
      269.485     0.635799
      269.117     0.644920
      268.750     0.654102
      268.384     0.663737
      268.019     0.678893
      267.654     0.688459
      267.291     0.691872
      266.929     0.695707
      266.568     0.698214
      266.207     0.695860
      265.849     0.687517
      265.490     0.677274
      265.133     0.666585
      264.777     0.651711
      264.533     0.644073
      262.782     0.618412
      261.053     0.649525
      259.346     0.670323
      257.662     0.651248
      256.000     0.631906
      254.359     0.627299
      252.739     0.613646
      251.140     0.600642
      249.560     0.623360
      248.000     0.636765
      246.460     0.603577
      244.938     0.585052
      243.436     0.610010
      241.951     0.642479
      240.485     0.618603
      239.036     0.589166
      237.605     0.588842
      236.191     0.603574
      234.793     0.591832
      233.412     0.592749
      232.047     0.584885
      230.698     0.558861
      229.364     0.516671
      228.046     0.521329
      226.743     0.538975
      225.455     0.517766
      224.181     0.474785
      222.921     0.476019
      221.676     0.485320
      220.444     0.485628
      219.227     0.465127
      218.022     0.464595
      216.831     0.454158
      215.652     0.436953
      214.486     0.422185
      213.333     0.412561
      212.193     0.364181
      211.064     0.295615
      209.947     0.240531
      208.842     0.196368
      207.749     0.147310
      206.667     0.102560
      205.596    0.0734760
      204.536    0.0533780
      203.487    0.0379920
      202.449    0.0284120
      201.421    0.0206420
      200.404    0.0153570
      199.397    0.0119720
      198.400   0.00931100
      197.413   0.00775400
      196.436   0.00676200
      196.43    0.0
