Herschel SPIRE-2 (360)
      420.000      0.00000
      419.451     0.326302
      418.566     0.355883
      417.685     0.392895
      416.807     0.419867
      415.933     0.435687
      415.063     0.458495
      414.197     0.480146
      413.334     0.500428
      412.474     0.518329
      411.619     0.534107
      410.766     0.537056
      409.918     0.526501
      409.073     0.522685
      408.231     0.531360
      407.393     0.533530
      406.558     0.530603
      405.726     0.550480
      404.898     0.571403
      404.074     0.566403
      403.252     0.570523
      402.434     0.593162
      401.620     0.606788
      400.808     0.612426
      400.000     0.623367
      399.196     0.638219
      398.394     0.652087
      397.596     0.636363
      396.800     0.629744
      396.008     0.645266
      395.220     0.651663
      394.434     0.649119
      393.651     0.651576
      392.872     0.660709
      392.095     0.658331
      391.322     0.644032
      390.552     0.636429
      389.784     0.635476
      389.020     0.632241
      388.259     0.624006
      387.500     0.620690
      386.745     0.620797
      385.993     0.615923
      385.243     0.612850
      384.497     0.615679
      383.753     0.622838
      383.012     0.623927
      382.274     0.626868
      381.539     0.634793
      380.807     0.640150
      380.077     0.643342
      379.350     0.640871
      378.626     0.635809
      377.905     0.639491
      377.187     0.637789
      376.471     0.625749
      375.758     0.623963
      375.048     0.623289
      374.340     0.621264
      373.635     0.628245
      372.933     0.635803
      372.233     0.642493
      371.536     0.645586
      370.842     0.646689
      370.150     0.648929
      369.460     0.645401
      368.774     0.630242
      368.089     0.617918
      367.408     0.614176
      366.729     0.600868
      366.052     0.582533
      365.378     0.573744
      364.706     0.564165
      364.037     0.548028
      363.370     0.543538
      362.706     0.551128
      362.044     0.557146
      361.385     0.565675
      360.728     0.577141
      360.073     0.585945
      359.421     0.594449
      358.771     0.607498
      358.123     0.619506
      357.478     0.622528
      356.835     0.613908
      356.194     0.606251
      355.556     0.605517
      354.920     0.603268
      354.286     0.594719
      353.655     0.580920
      353.025     0.564450
      352.398     0.554389
      351.773     0.549978
      351.151     0.540346
      350.531     0.534624
      349.912     0.535058
      349.296     0.541506
      348.682     0.549127
      348.071     0.548367
      347.461     0.549119
      346.854     0.557670
      346.248     0.568783
      345.645     0.578416
      345.044     0.583449
      344.445     0.584209
      343.848     0.582876
      343.253     0.578240
      342.660     0.570477
      342.069     0.567282
      341.481     0.567805
      340.894     0.563095
      340.309     0.557720
      339.727     0.552762
      339.146     0.550496
      338.567     0.553436
      337.990     0.556178
      337.415     0.554771
      336.843     0.555467
      336.272     0.552991
      335.703     0.549892
      335.136     0.546220
      334.570     0.539823
      334.007     0.535331
      333.446     0.523736
      332.886     0.512638
      332.329     0.510365
      331.773     0.505636
      331.219     0.499094
      330.667     0.492384
      330.117     0.486499
      329.569     0.488844
      329.022     0.496798
      328.477     0.503717
      327.934     0.512368
      327.393     0.521575
      326.854     0.524544
      326.316     0.521971
      325.780     0.527244
      325.246     0.533634
      324.714     0.530148
      324.184     0.521224
      323.655     0.516530
      323.128     0.515537
      322.602     0.501290
      322.078     0.487180
      321.556     0.479604
      321.036     0.468505
      320.517     0.457564
      320.001     0.448687
      319.485     0.443803
      318.972     0.439023
      318.460     0.432277
      317.949     0.433027
      317.441     0.438796
      316.933     0.439871
      316.428     0.443505
      315.924     0.454528
      315.422     0.455921
      314.921     0.459224
      314.422     0.469774
      313.925     0.478932
      313.429     0.478781
      312.934     0.475182
      312.441     0.478820
      311.950     0.475052
      311.461     0.465593
      310.972     0.454958
      310.486     0.444887
      310.001     0.435744
      309.517     0.426011
      309.035     0.416991
      308.554     0.410644
      308.075     0.412803
      307.597     0.414721
      307.121     0.410576
      306.647     0.406923
      306.173     0.400917
      306.000      0.00000
