Herschel SPIRE-3 (520)
      603.200      0.00000
      603.041     0.582049
      601.213     0.573418
      599.397     0.560325
      597.591     0.563619
      595.797     0.576250
      594.013     0.590088
      592.240     0.573466
      590.477     0.561434
      588.725     0.559683
      586.983     0.537720
      585.252     0.536069
      583.531     0.543442
      581.819     0.546626
      580.118     0.533796
      578.427     0.524426
      576.745     0.545695
      575.074     0.564153
      573.412     0.559703
      571.759     0.553202
      570.116     0.560070
      568.482     0.557731
      566.858     0.550125
      565.243     0.545889
      563.638     0.545809
      562.041     0.525292
      560.453     0.500107
      558.874     0.493439
      557.305     0.489972
      555.743     0.504947
      554.191     0.510349
      552.647     0.495978
      551.112     0.496539
      549.586     0.495179
      548.067     0.509195
      546.558     0.520125
      545.056     0.520624
      543.563     0.523892
      542.078     0.526855
      540.601     0.534655
      539.132     0.541603
      537.671     0.533757
      536.217     0.522271
      534.772     0.527093
      533.334     0.533615
      531.905     0.536648
      530.482     0.523288
      529.068     0.509424
      527.661     0.503261
      526.261     0.496412
      524.869     0.497817
      523.484     0.497754
      522.106     0.501104
      520.736     0.517525
      519.373     0.519527
      518.017     0.512791
      516.668     0.506486
      515.326     0.509120
      513.991     0.518756
      512.663     0.524845
      511.341     0.522830
      510.027     0.510294
      508.719     0.505268
      507.418     0.510832
      506.124     0.523949
      504.836     0.526593
      503.554     0.528910
      502.280     0.537176
      501.011     0.535160
      499.749     0.527769
      498.494     0.529890
      497.244     0.536753
      496.001     0.538599
      494.764     0.534194
      493.534     0.534808
      492.309     0.550923
      491.090     0.550786
      489.878     0.544134
      488.671     0.547415
      487.470     0.548177
      486.276     0.535697
      485.087     0.523227
      483.904     0.520872
      482.726     0.512246
      481.555     0.507015
      480.389     0.511821
      479.228     0.518151
      478.073     0.519721
      476.924     0.522626
      475.781     0.532755
      474.642     0.548050
      473.509     0.551469
      472.382     0.550097
      471.260     0.564482
      470.143     0.573456
      469.032     0.570105
      467.926     0.581059
      466.825     0.591528
      465.729     0.579759
      464.638     0.568544
      463.553     0.568238
      462.472     0.570123
      461.397     0.564000
      460.326     0.553275
      459.260     0.548782
      458.200     0.537521
      457.144     0.525017
      456.093     0.536885
      455.047     0.549987
      454.006     0.548592
      452.969     0.544365
      451.937     0.549530
      450.910     0.556727
      449.888     0.559304
      448.870     0.571194
      447.857     0.587649
      446.848     0.591216
      445.844     0.583141
      444.844     0.581364
      443.849     0.588898
      442.858     0.589248
      441.872     0.582347
      440.890     0.577044
      439.912     0.565617
      438.939     0.557692
      437.970     0.553037
      437.006     0.547620
      436.045     0.550292
      435.089     0.553768
      434.137     0.544881
      433.189     0.529565
      432.245     0.513855
      431.305     0.502526
      430.800      0.00000
