 1.0000e-02  5.4647e-14  3.2368e-14  2.8409e+02  9.9634e-01  9.9731e-01  8.9000e+01
 1.0152e-02  5.4915e-14  3.2479e-14  2.8548e+02  9.9598e-01  9.9704e-01  8.9087e+01
 1.0307e-02  5.5185e-14  3.2590e-14  2.8689e+02  9.9562e-01  9.9676e-01  8.9174e+01
 1.0464e-02  5.5456e-14  3.2702e-14  2.8829e+02  9.9526e-01  9.9649e-01  8.9262e+01
 1.0623e-02  5.5728e-14  3.2814e-14  2.8971e+02  9.9490e-01  9.9621e-01  8.9349e+01
 1.0785e-02  5.6002e-14  3.2926e-14  2.9113e+02  9.9454e-01  9.9594e-01  8.9436e+01
 1.0949e-02  5.6277e-14  3.3039e-14  2.9256e+02  9.9419e-01  9.9567e-01  8.9523e+01
 1.1116e-02  5.6553e-14  3.3152e-14  2.9400e+02  9.9383e-01  9.9539e-01  8.9610e+01
 1.1285e-02  5.6830e-14  3.3266e-14  2.9544e+02  9.9347e-01  9.9512e-01  8.9698e+01
 1.1457e-02  5.7109e-14  3.3380e-14  2.9689e+02  9.9311e-01  9.9484e-01  8.9785e+01
 1.1631e-02  5.7390e-14  3.3494e-14  2.9835e+02  9.9275e-01  9.9457e-01  8.9872e+01
 1.1808e-02  5.7671e-14  3.3609e-14  2.9981e+02  9.9239e-01  9.9430e-01  8.9959e+01
 1.1988e-02  5.7955e-14  3.3724e-14  3.0129e+02  9.9203e-01  9.9402e-01  9.0046e+01
 1.2171e-02  5.8239e-14  3.3840e-14  3.0276e+02  9.9167e-01  9.9375e-01  9.0134e+01
 1.2356e-02  5.8525e-14  3.3956e-14  3.0425e+02  9.9131e-01  9.9347e-01  9.0221e+01
 1.2544e-02  5.8812e-14  3.4072e-14  3.0574e+02  9.9095e-01  9.9320e-01  9.0308e+01
 1.2735e-02  5.9101e-14  3.4189e-14  3.0725e+02  9.9059e-01  9.9293e-01  9.0395e+01
 1.2929e-02  5.9391e-14  3.4306e-14  3.0875e+02  9.9024e-01  9.9265e-01  9.0482e+01
 1.3126e-02  5.9683e-14  3.4424e-14  3.1027e+02  9.8988e-01  9.9238e-01  9.0570e+01
 1.3326e-02  5.9976e-14  3.4542e-14  3.1179e+02  9.8952e-01  9.9210e-01  9.0657e+01
 1.3529e-02  6.0270e-14  3.4660e-14  3.1332e+02  9.8916e-01  9.9183e-01  9.0744e+01
 1.3735e-02  6.0566e-14  3.4779e-14  3.1486e+02  9.8880e-01  9.9156e-01  9.0831e+01
 1.3944e-02  6.0863e-14  3.4898e-14  3.1641e+02  9.8844e-01  9.9128e-01  9.0919e+01
 1.4156e-02  6.1162e-14  3.5018e-14  3.1796e+02  9.8808e-01  9.9101e-01  9.1006e+01
 1.4372e-02  6.1462e-14  3.5138e-14  3.1952e+02  9.8772e-01  9.9073e-01  9.1093e+01
 1.4591e-02  6.1764e-14  3.5258e-14  3.2109e+02  9.8736e-01  9.9046e-01  9.1180e+01
 1.4813e-02  6.2067e-14  3.5379e-14  3.2267e+02  9.8700e-01  9.9018e-01  9.1267e+01
 1.5038e-02  6.2372e-14  3.5500e-14  3.2425e+02  9.8665e-01  9.8991e-01  9.1355e+01
 1.5267e-02  6.2678e-14  3.5622e-14  3.2584e+02  9.8629e-01  9.8964e-01  9.1442e+01
 1.5500e-02  6.2986e-14  3.5744e-14  3.2744e+02  9.8593e-01  9.8936e-01  9.1529e+01
 1.5736e-02  6.3295e-14  3.5866e-14  3.2905e+02  9.8557e-01  9.8909e-01  9.1616e+01
 1.5975e-02  6.3606e-14  3.5989e-14  3.3066e+02  9.8521e-01  9.8881e-01  9.1703e+01
 1.6219e-02  6.3918e-14  3.6112e-14  3.3229e+02  9.8485e-01  9.8854e-01  9.1791e+01
 1.6465e-02  6.4232e-14  3.6236e-14  3.3392e+02  9.8449e-01  9.8827e-01  9.1878e+01
 1.6716e-02  6.4547e-14  3.6360e-14  3.3556e+02  9.8413e-01  9.8799e-01  9.1965e+01
 1.6971e-02  6.4864e-14  3.6485e-14  3.3721e+02  9.8377e-01  9.8772e-01  9.2052e+01
 1.7229e-02  6.5182e-14  3.6610e-14  3.3886e+02  9.8341e-01  9.8744e-01  9.2139e+01
 1.7491e-02  6.5502e-14  3.6735e-14  3.4052e+02  9.8305e-01  9.8717e-01  9.2227e+01
 1.7758e-02  6.5824e-14  3.6861e-14  3.4220e+02  9.8270e-01  9.8690e-01  9.2314e+01
 1.8028e-02  6.6147e-14  3.6988e-14  3.4388e+02  9.8234e-01  9.8662e-01  9.2401e+01
 1.8303e-02  6.6472e-14  3.7114e-14  3.4556e+02  9.8198e-01  9.8635e-01  9.2488e+01
 1.8581e-02  6.6798e-14  3.7242e-14  3.4726e+02  9.8162e-01  9.8607e-01  9.2575e+01
 1.8864e-02  6.7126e-14  3.7369e-14  3.4897e+02  9.8126e-01  9.8580e-01  9.2663e+01
 1.9152e-02  6.7456e-14  3.7497e-14  3.5068e+02  9.8090e-01  9.8553e-01  9.2750e+01
 1.9443e-02  6.7787e-14  3.7626e-14  3.5240e+02  9.8054e-01  9.8525e-01  9.2837e+01
 1.9739e-02  6.8120e-14  3.7755e-14  3.5413e+02  9.8018e-01  9.8498e-01  9.2924e+01
 2.0040e-02  6.8436e-14  3.7873e-14  3.5578e+02  9.7972e-01  9.8458e-01  9.3005e+01
 2.0345e-02  6.8637e-14  3.7915e-14  3.5682e+02  9.7856e-01  9.8333e-01  9.3042e+01
 2.0655e-02  6.8838e-14  3.7957e-14  3.5786e+02  9.7740e-01  9.8209e-01  9.3079e+01
 2.0969e-02  6.9039e-14  3.7999e-14  3.5891e+02  9.7624e-01  9.8084e-01  9.3117e+01
 2.1288e-02  6.9242e-14  3.8041e-14  3.5996e+02  9.7508e-01  9.7960e-01  9.3154e+01
 2.1613e-02  6.9444e-14  3.8083e-14  3.6102e+02  9.7393e-01  9.7836e-01  9.3191e+01
 2.1942e-02  6.9648e-14  3.8125e-14  3.6207e+02  9.7277e-01  9.7711e-01  9.3229e+01
 2.2276e-02  6.9852e-14  3.8168e-14  3.6313e+02  9.7161e-01  9.7587e-01  9.3266e+01
 2.2615e-02  7.0056e-14  3.8210e-14  3.6420e+02  9.7045e-01  9.7462e-01  9.3303e+01
 2.2959e-02  7.0261e-14  3.8253e-14  3.6526e+02  9.6929e-01  9.7338e-01  9.3340e+01
 2.3309e-02  7.0467e-14  3.8295e-14  3.6633e+02  9.6813e-01  9.7214e-01  9.3378e+01
 2.3664e-02  7.0674e-14  3.8337e-14  3.6741e+02  9.6698e-01  9.7089e-01  9.3415e+01
 2.4024e-02  7.0881e-14  3.8380e-14  3.6848e+02  9.6582e-01  9.6965e-01  9.3452e+01
 2.4390e-02  7.1088e-14  3.8423e-14  3.6956e+02  9.6466e-01  9.6840e-01  9.3489e+01
 2.4761e-02  7.1296e-14  3.8465e-14  3.7065e+02  9.6350e-01  9.6716e-01  9.3527e+01
 2.5138e-02  7.1505e-14  3.8508e-14  3.7173e+02  9.6234e-01  9.6592e-01  9.3564e+01
 2.5521e-02  7.1714e-14  3.8551e-14  3.7282e+02  9.6118e-01  9.6467e-01  9.3601e+01
 2.5910e-02  7.1925e-14  3.8593e-14  3.7391e+02  9.6003e-01  9.6343e-01  9.3638e+01
 2.6304e-02  7.2135e-14  3.8636e-14  3.7501e+02  9.5887e-01  9.6218e-01  9.3676e+01
 2.6705e-02  7.2346e-14  3.8679e-14  3.7610e+02  9.5771e-01  9.6094e-01  9.3713e+01
 2.7111e-02  7.2558e-14  3.8722e-14  3.7721e+02  9.5655e-01  9.5970e-01  9.3750e+01
 2.7524e-02  7.2771e-14  3.8765e-14  3.7831e+02  9.5539e-01  9.5845e-01  9.3788e+01
 2.7943e-02  7.2984e-14  3.8808e-14  3.7942e+02  9.5423e-01  9.5721e-01  9.3825e+01
 2.8369e-02  7.3198e-14  3.8851e-14  3.8053e+02  9.5308e-01  9.5596e-01  9.3862e+01
 2.8801e-02  7.3412e-14  3.8894e-14  3.8164e+02  9.5192e-01  9.5472e-01  9.3899e+01
 2.9239e-02  7.3627e-14  3.8937e-14  3.8276e+02  9.5076e-01  9.5348e-01  9.3937e+01
 2.9684e-02  7.3843e-14  3.8981e-14  3.8388e+02  9.4960e-01  9.5223e-01  9.3974e+01
 3.0136e-02  7.4041e-14  3.9036e-14  3.8491e+02  9.4824e-01  9.5049e-01  9.4016e+01
 3.0595e-02  7.4198e-14  3.9119e-14  3.8573e+02  9.4642e-01  9.4761e-01  9.4068e+01
 3.1061e-02  7.4356e-14  3.9202e-14  3.8655e+02  9.4459e-01  9.4472e-01  9.4121e+01
 3.1534e-02  7.4514e-14  3.9286e-14  3.8737e+02  9.4277e-01  9.4184e-01  9.4173e+01
 3.2014e-02  7.4672e-14  3.9369e-14  3.8819e+02  9.4095e-01  9.3895e-01  9.4226e+01
 3.2502e-02  7.4831e-14  3.9453e-14  3.8902e+02  9.3912e-01  9.3607e-01  9.4278e+01
 3.2996e-02  7.4990e-14  3.9537e-14  3.8984e+02  9.3730e-01  9.3318e-01  9.4331e+01
 3.3499e-02  7.5149e-14  3.9621e-14  3.9067e+02  9.3547e-01  9.3029e-01  9.4383e+01
 3.4009e-02  7.5309e-14  3.9705e-14  3.9150e+02  9.3365e-01  9.2741e-01  9.4436e+01
 3.4527e-02  7.5469e-14  3.9790e-14  3.9233e+02  9.3182e-01  9.2452e-01  9.4489e+01
 3.5052e-02  7.5629e-14  3.9875e-14  3.9317e+02  9.3000e-01  9.2164e-01  9.4541e+01
 3.5586e-02  7.5789e-14  3.9959e-14  3.9400e+02  9.2818e-01  9.1875e-01  9.4594e+01
 3.6128e-02  7.5950e-14  4.0044e-14  3.9484e+02  9.2635e-01  9.1586e-01  9.4646e+01
 3.6678e-02  7.6112e-14  4.0130e-14  3.9568e+02  9.2453e-01  9.1298e-01  9.4699e+01
 3.7237e-02  7.6273e-14  4.0215e-14  3.9652e+02  9.2270e-01  9.1009e-01  9.4751e+01
 3.7804e-02  7.6435e-14  4.0301e-14  3.9736e+02  9.2088e-01  9.0721e-01  9.4804e+01
 3.8379e-02  7.6598e-14  4.0386e-14  3.9820e+02  9.1905e-01  9.0432e-01  9.4856e+01
 3.8963e-02  7.6761e-14  4.0472e-14  3.9905e+02  9.1723e-01  9.0143e-01  9.4909e+01
 3.9557e-02  7.6924e-14  4.0558e-14  3.9989e+02  9.1541e-01  8.9855e-01  9.4961e+01
 4.0159e-02  7.7148e-14  4.0703e-14  4.0106e+02  9.1289e-01  8.9340e-01  9.4964e+01
 4.0771e-02  7.7544e-14  4.1013e-14  4.0312e+02  9.0843e-01  8.8189e-01  9.4829e+01
 4.1391e-02  7.7941e-14  4.1325e-14  4.0518e+02  9.0396e-01  8.7038e-01  9.4694e+01
 4.2022e-02  7.8341e-14  4.1639e-14  4.0726e+02  8.9950e-01  8.5887e-01  9.4558e+01
 4.2661e-02  7.8743e-14  4.1956e-14  4.0935e+02  8.9504e-01  8.4737e-01  9.4423e+01
 4.3311e-02  7.9148e-14  4.2276e-14  4.1145e+02  8.9058e-01  8.3586e-01  9.4287e+01
 4.3970e-02  7.9554e-14  4.2597e-14  4.1356e+02  8.8612e-01  8.2435e-01  9.4152e+01
 4.4640e-02  7.9962e-14  4.2921e-14  4.1569e+02  8.8165e-01  8.1284e-01  9.4016e+01
 4.5320e-02  8.0372e-14  4.3248e-14  4.1782e+02  8.7719e-01  8.0133e-01  9.3881e+01
 4.6010e-02  8.0785e-14  4.3577e-14  4.1996e+02  8.7273e-01  7.8983e-01  9.3745e+01
 4.6710e-02  8.1199e-14  4.3909e-14  4.2212e+02  8.6827e-01  7.7832e-01  9.3610e+01
 4.7421e-02  8.1616e-14  4.4243e-14  4.2428e+02  8.6380e-01  7.6681e-01  9.3475e+01
 4.8144e-02  8.2035e-14  4.4580e-14  4.2646e+02  8.5934e-01  7.5530e-01  9.3339e+01
 4.8877e-02  8.2456e-14  4.4919e-14  4.2865e+02  8.5488e-01  7.4380e-01  9.3204e+01
 4.9621e-02  8.2879e-14  4.5261e-14  4.3085e+02  8.5042e-01  7.3229e-01  9.3068e+01
 5.0376e-02  8.3479e-14  4.5753e-14  4.3397e+02  8.4528e-01  7.2525e-01  9.2219e+01
 5.1143e-02  8.4263e-14  4.6402e-14  4.3804e+02  8.3945e-01  7.2275e-01  9.0644e+01
 5.1922e-02  8.5054e-14  4.7060e-14  4.4216e+02  8.3363e-01  7.2025e-01  8.9069e+01
 5.2713e-02  8.5853e-14  4.7727e-14  4.4631e+02  8.2780e-01  7.1774e-01  8.7494e+01
 5.3515e-02  8.6659e-14  4.8404e-14  4.5050e+02  8.2198e-01  7.1524e-01  8.5919e+01
 5.4330e-02  8.7472e-14  4.9091e-14  4.5473e+02  8.1615e-01  7.1274e-01  8.4345e+01
 5.5157e-02  8.8294e-14  4.9787e-14  4.5900e+02  8.1033e-01  7.1024e-01  8.2770e+01
 5.5997e-02  8.9122e-14  5.0494e-14  4.6331e+02  8.0450e-01  7.0774e-01  8.1195e+01
 5.6850e-02  8.9959e-14  5.1210e-14  4.6766e+02  7.9868e-01  7.0524e-01  7.9620e+01
 5.7715e-02  9.0804e-14  5.1936e-14  4.7205e+02  7.9285e-01  7.0274e-01  7.8045e+01
 5.8594e-02  9.1656e-14  5.2673e-14  4.7648e+02  7.8703e-01  7.0023e-01  7.6471e+01
 5.9486e-02  9.2517e-14  5.3420e-14  4.8096e+02  7.8120e-01  6.9773e-01  7.4896e+01
 6.0392e-02  9.3447e-14  5.3974e-14  4.8579e+02  7.7677e-01  6.9645e-01  7.3706e+01
 6.1312e-02  9.4470e-14  5.4262e-14  4.9111e+02  7.7418e-01  6.9677e-01  7.3023e+01
 6.2245e-02  9.5504e-14  5.4553e-14  4.9648e+02  7.7159e-01  6.9709e-01  7.2340e+01
 6.3193e-02  9.6549e-14  5.4844e-14  5.0192e+02  7.6900e-01  6.9741e-01  7.1657e+01
 6.4155e-02  9.7605e-14  5.5137e-14  5.0741e+02  7.6641e-01  6.9773e-01  7.0974e+01
 6.5132e-02  9.8673e-14  5.5432e-14  5.1296e+02  7.6382e-01  6.9805e-01  7.0291e+01
 6.6124e-02  9.9753e-14  5.5729e-14  5.1857e+02  7.6123e-01  6.9837e-01  6.9608e+01
 6.7131e-02  1.0084e-13  5.6026e-14  5.2425e+02  7.5864e-01  6.9870e-01  6.8925e+01
 6.8153e-02  1.0195e-13  5.6326e-14  5.2999e+02  7.5605e-01  6.9902e-01  6.8243e+01
 6.9191e-02  1.0306e-13  5.6627e-14  5.3578e+02  7.5346e-01  6.9934e-01  6.7560e+01
 7.0244e-02  1.0419e-13  5.6930e-14  5.4165e+02  7.5087e-01  6.9966e-01  6.6877e+01
 7.1314e-02  1.0533e-13  5.7234e-14  5.4757e+02  7.4828e-01  6.9998e-01  6.6194e+01
 7.2399e-02  1.0648e-13  5.7540e-14  5.5357e+02  7.4568e-01  7.0030e-01  6.5511e+01
 7.3502e-02  1.0765e-13  5.7848e-14  5.5962e+02  7.4309e-01  7.0062e-01  6.4828e+01
 7.4621e-02  1.0883e-13  5.8157e-14  5.6575e+02  7.4050e-01  7.0094e-01  6.4145e+01
 7.5757e-02  1.1002e-13  5.8468e-14  5.7194e+02  7.3791e-01  7.0126e-01  6.3462e+01
 7.6911e-02  1.1122e-13  5.8781e-14  5.7820e+02  7.3532e-01  7.0158e-01  6.2780e+01
 7.8082e-02  1.1244e-13  5.9095e-14  5.8452e+02  7.3273e-01  7.0190e-01  6.2097e+01
 7.9271e-02  1.1367e-13  5.9411e-14  5.9092e+02  7.3014e-01  7.0223e-01  6.1414e+01
 8.0478e-02  1.1453e-13  5.9599e-14  5.9540e+02  7.2750e-01  6.9771e-01  6.1080e+01
 8.1703e-02  1.1481e-13  5.9588e-14  5.9685e+02  7.2479e-01  6.8576e-01  6.1283e+01
 8.2947e-02  1.1509e-13  5.9577e-14  5.9830e+02  7.2208e-01  6.7381e-01  6.1486e+01
 8.4210e-02  1.1537e-13  5.9566e-14  5.9976e+02  7.1937e-01  6.6186e-01  6.1690e+01
 8.5492e-02  1.1565e-13  5.9555e-14  6.0122e+02  7.1666e-01  6.4991e-01  6.1893e+01
 8.6794e-02  1.1593e-13  5.9545e-14  6.0268e+02  7.1394e-01  6.3797e-01  6.2096e+01
 8.8116e-02  1.1622e-13  5.9534e-14  6.0415e+02  7.1123e-01  6.2602e-01  6.2299e+01
 8.9457e-02  1.1650e-13  5.9523e-14  6.0562e+02  7.0852e-01  6.1407e-01  6.2502e+01
 9.0819e-02  1.1678e-13  5.9512e-14  6.0710e+02  7.0581e-01  6.0212e-01  6.2705e+01
 9.2202e-02  1.1707e-13  5.9501e-14  6.0858e+02  7.0310e-01  5.9017e-01  6.2909e+01
 9.3606e-02  1.1735e-13  5.9490e-14  6.1006e+02  7.0039e-01  5.7822e-01  6.3112e+01
 9.5031e-02  1.1764e-13  5.9480e-14  6.1154e+02  6.9767e-01  5.6627e-01  6.3315e+01
 9.6478e-02  1.1793e-13  5.9469e-14  6.1303e+02  6.9496e-01  5.5432e-01  6.3518e+01
 9.7947e-02  1.1821e-13  5.9458e-14  6.1453e+02  6.9225e-01  5.4237e-01  6.3721e+01
 9.9439e-02  1.1850e-13  5.9447e-14  6.1602e+02  6.8954e-01  5.3042e-01  6.3924e+01
 1.0095e-01  1.1863e-13  5.9328e-14  6.1666e+02  6.8826e-01  5.1670e-01  6.4468e+01
 1.0249e-01  1.1865e-13  5.9145e-14  6.1679e+02  6.8783e-01  5.0192e-01  6.5214e+01
 1.0405e-01  1.1867e-13  5.8963e-14  6.1692e+02  6.8740e-01  4.8715e-01  6.5960e+01
 1.0563e-01  1.1870e-13  5.8782e-14  6.1704e+02  6.8697e-01  4.7237e-01  6.6706e+01
 1.0724e-01  1.1872e-13  5.8601e-14  6.1717e+02  6.8654e-01  4.5759e-01  6.7452e+01
 1.0888e-01  1.1875e-13  5.8420e-14  6.1730e+02  6.8611e-01  4.4282e-01  6.8198e+01
 1.1053e-01  1.1877e-13  5.8240e-14  6.1743e+02  6.8568e-01  4.2804e-01  6.8944e+01
 1.1222e-01  1.1879e-13  5.8061e-14  6.1755e+02  6.8526e-01  4.1327e-01  6.9690e+01
 1.1393e-01  1.1882e-13  5.7882e-14  6.1768e+02  6.8483e-01  3.9849e-01  7.0436e+01
 1.1566e-01  1.1884e-13  5.7704e-14  6.1781e+02  6.8440e-01  3.8372e-01  7.1182e+01
 1.1742e-01  1.1887e-13  5.7526e-14  6.1794e+02  6.8397e-01  3.6894e-01  7.1928e+01
 1.1921e-01  1.1889e-13  5.7349e-14  6.1806e+02  6.8354e-01  3.5416e-01  7.2674e+01
 1.2102e-01  1.1841e-13  5.7031e-14  6.1559e+02  6.8174e-01  3.4364e-01  7.3076e+01
 1.2287e-01  1.1755e-13  5.6605e-14  6.1111e+02  6.7889e-01  3.3643e-01  7.3212e+01
 1.2474e-01  1.1670e-13  5.6181e-14  6.0666e+02  6.7603e-01  3.2922e-01  7.3347e+01
 1.2664e-01  1.1585e-13  5.5762e-14  6.0225e+02  6.7317e-01  3.2201e-01  7.3483e+01
 1.2857e-01  1.1501e-13  5.5345e-14  5.9787e+02  6.7031e-01  3.1480e-01  7.3618e+01
 1.3052e-01  1.1417e-13  5.4931e-14  5.9352e+02  6.6746e-01  3.0759e-01  7.3753e+01
 1.3251e-01  1.1334e-13  5.4521e-14  5.8920e+02  6.6460e-01  3.0037e-01  7.3889e+01
 1.3453e-01  1.1251e-13  5.4113e-14  5.8491e+02  6.6174e-01  2.9316e-01  7.4024e+01
 1.3658e-01  1.1170e-13  5.3709e-14  5.8066e+02  6.5889e-01  2.8595e-01  7.4160e+01
 1.3866e-01  1.1088e-13  5.3307e-14  5.7643e+02  6.5603e-01  2.7874e-01  7.4295e+01
 1.4077e-01  1.1008e-13  5.2909e-14  5.7224e+02  6.5317e-01  2.7153e-01  7.4431e+01
 1.4291e-01  1.0928e-13  5.2513e-14  5.6808e+02  6.5031e-01  2.6432e-01  7.4566e+01
 1.4509e-01  1.0848e-13  5.2121e-14  5.6394e+02  6.4746e-01  2.5710e-01  7.4701e+01
 1.4730e-01  1.0769e-13  5.1731e-14  5.5984e+02  6.4460e-01  2.4989e-01  7.4837e+01
 1.4954e-01  1.0691e-13  5.1344e-14  5.5577e+02  6.4174e-01  2.4268e-01  7.4972e+01
 1.5182e-01  1.0637e-13  5.1569e-14  5.5296e+02  6.3786e-01  2.4460e-01  7.5209e+01
 1.5413e-01  1.0589e-13  5.1952e-14  5.5049e+02  6.3372e-01  2.4886e-01  7.5472e+01
 1.5647e-01  1.0542e-13  5.2338e-14  5.4802e+02  6.2958e-01  2.5312e-01  7.5734e+01
 1.5886e-01  1.0495e-13  5.2727e-14  5.4557e+02  6.2544e-01  2.5738e-01  7.5997e+01
 1.6128e-01  1.0448e-13  5.3119e-14  5.4312e+02  6.2130e-01  2.6164e-01  7.6260e+01
 1.6373e-01  1.0401e-13  5.3513e-14  5.4069e+02  6.1716e-01  2.6590e-01  7.6522e+01
 1.6622e-01  1.0354e-13  5.3911e-14  5.3827e+02  6.1302e-01  2.7016e-01  7.6785e+01
 1.6875e-01  1.0308e-13  5.4311e-14  5.3586e+02  6.0888e-01  2.7442e-01  7.7048e+01
 1.7132e-01  1.0262e-13  5.4715e-14  5.3346e+02  6.0474e-01  2.7868e-01  7.7310e+01
 1.7393e-01  1.0216e-13  5.5121e-14  5.3107e+02  6.0060e-01  2.8294e-01  7.7573e+01
 1.7658e-01  1.0170e-13  5.5531e-14  5.2870e+02  5.9646e-01  2.8720e-01  7.7836e+01
 1.7927e-01  1.0125e-13  5.5944e-14  5.2633e+02  5.9232e-01  2.9146e-01  7.8098e+01
 1.8200e-01  1.0079e-13  5.6359e-14  5.2397e+02  5.8818e-01  2.9572e-01  7.8361e+01
 1.8477e-01  1.0034e-13  5.6778e-14  5.2163e+02  5.8404e-01  2.9998e-01  7.8623e+01
 1.8758e-01  9.9891e-14  5.7200e-14  5.1929e+02  5.7990e-01  3.0423e-01  7.8886e+01
 1.9044e-01  9.9444e-14  5.7625e-14  5.1696e+02  5.7576e-01  3.0849e-01  7.9149e+01
 1.9334e-01  9.8999e-14  5.8053e-14  5.1465e+02  5.7162e-01  3.1275e-01  7.9411e+01
 1.9628e-01  9.8555e-14  5.8484e-14  5.1235e+02  5.6748e-01  3.1701e-01  7.9674e+01
 1.9927e-01  9.8114e-14  5.8919e-14  5.1005e+02  5.6334e-01  3.2127e-01  7.9937e+01
 2.0231e-01  9.7707e-14  5.8962e-14  5.0793e+02  5.5802e-01  3.2283e-01  8.0000e+01
 2.0539e-01  9.7311e-14  5.8881e-14  5.0588e+02  5.5233e-01  3.2352e-01  8.0000e+01
 2.0851e-01  9.6917e-14  5.8800e-14  5.0383e+02  5.4663e-01  3.2421e-01  8.0000e+01
 2.1169e-01  9.6524e-14  5.8719e-14  5.0179e+02  5.4094e-01  3.2490e-01  8.0000e+01
 2.1491e-01  9.6134e-14  5.8638e-14  4.9976e+02  5.3525e-01  3.2560e-01  8.0000e+01
 2.1818e-01  9.5744e-14  5.8557e-14  4.9773e+02  5.2956e-01  3.2629e-01  8.0000e+01
 2.2151e-01  9.5357e-14  5.8476e-14  4.9572e+02  5.2386e-01  3.2698e-01  8.0000e+01
 2.2488e-01  9.4970e-14  5.8395e-14  4.9371e+02  5.1817e-01  3.2768e-01  8.0000e+01
 2.2830e-01  9.4586e-14  5.8315e-14  4.9171e+02  5.1248e-01  3.2837e-01  8.0000e+01
 2.3178e-01  9.4203e-14  5.8234e-14  4.8972e+02  5.0679e-01  3.2906e-01  8.0000e+01
 2.3531e-01  9.3821e-14  5.8154e-14  4.8774e+02  5.0109e-01  3.2975e-01  8.0000e+01
 2.3889e-01  9.3441e-14  5.8074e-14  4.8576e+02  4.9540e-01  3.3045e-01  8.0000e+01
 2.4253e-01  9.3063e-14  5.7994e-14  4.8379e+02  4.8971e-01  3.3114e-01  8.0000e+01
 2.4622e-01  9.2686e-14  5.7913e-14  4.8184e+02  4.8402e-01  3.3183e-01  8.0000e+01
 2.4997e-01  9.2311e-14  5.7834e-14  4.7988e+02  4.7832e-01  3.3252e-01  8.0000e+01
 2.5378e-01  9.1129e-14  5.6897e-14  4.7374e+02  4.7869e-01  3.3189e-01  8.0658e+01
 2.5764e-01  8.9956e-14  5.5969e-14  4.6764e+02  4.7909e-01  3.3125e-01  8.1321e+01
 2.6156e-01  8.8799e-14  5.5056e-14  4.6162e+02  4.7950e-01  3.3060e-01  8.1984e+01
 2.6555e-01  8.7656e-14  5.4158e-14  4.5568e+02  4.7991e-01  3.2996e-01  8.2647e+01
 2.6959e-01  8.6528e-14  5.3274e-14  4.4982e+02  4.8032e-01  3.2931e-01  8.3310e+01
 2.7370e-01  8.5414e-14  5.2405e-14  4.4403e+02  4.8073e-01  3.2867e-01  8.3973e+01
 2.7786e-01  8.4315e-14  5.1550e-14  4.3832e+02  4.8114e-01  3.2802e-01  8.4636e+01
 2.8209e-01  8.3230e-14  5.0709e-14  4.3267e+02  4.8155e-01  3.2738e-01  8.5300e+01
 2.8639e-01  8.2159e-14  4.9882e-14  4.2711e+02  4.8195e-01  3.2673e-01  8.5963e+01
 2.9075e-01  8.1101e-14  4.9068e-14  4.2161e+02  4.8236e-01  3.2609e-01  8.6626e+01
 2.9518e-01  8.0058e-14  4.8268e-14  4.1618e+02  4.8277e-01  3.2544e-01  8.7289e+01
 2.9967e-01  7.9027e-14  4.7481e-14  4.1083e+02  4.8318e-01  3.2480e-01  8.7952e+01
 3.0423e-01  7.8258e-14  4.6922e-14  4.0683e+02  4.8336e-01  3.2455e-01  8.8154e+01
 3.0887e-01  7.7515e-14  4.6387e-14  4.0297e+02  4.8351e-01  3.2434e-01  8.8319e+01
 3.1357e-01  7.6780e-14  4.5858e-14  3.9914e+02  4.8367e-01  3.2412e-01  8.8485e+01
 3.1834e-01  7.6051e-14  4.5335e-14  3.9536e+02  4.8383e-01  3.2391e-01  8.8651e+01
 3.2319e-01  7.5329e-14  4.4818e-14  3.9160e+02  4.8398e-01  3.2369e-01  8.8817e+01
 3.2811e-01  7.4614e-14  4.4307e-14  3.8789e+02  4.8414e-01  3.2348e-01  8.8983e+01
 3.3311e-01  7.3906e-14  4.3802e-14  3.8421e+02  4.8430e-01  3.2326e-01  8.9148e+01
 3.3818e-01  7.3205e-14  4.3303e-14  3.8056e+02  4.8445e-01  3.2305e-01  8.9314e+01
 3.4333e-01  7.2510e-14  4.2809e-14  3.7695e+02  4.8461e-01  3.2283e-01  8.9480e+01
 3.4856e-01  7.1822e-14  4.2321e-14  3.7337e+02  4.8477e-01  3.2262e-01  8.9646e+01
 3.5386e-01  7.1141e-14  4.1838e-14  3.6983e+02  4.8492e-01  3.2240e-01  8.9811e+01
 3.5925e-01  7.0465e-14  4.1361e-14  3.6632e+02  4.8508e-01  3.2219e-01  8.9977e+01
 3.6472e-01  6.9721e-14  4.0883e-14  3.6245e+02  4.8394e-01  3.2461e-01  9.0325e+01
 3.7028e-01  6.8972e-14  4.0409e-14  3.5856e+02  4.8260e-01  3.2745e-01  9.0701e+01
 3.7591e-01  6.8232e-14  3.9941e-14  3.5471e+02  4.8125e-01  3.3029e-01  9.1078e+01
 3.8164e-01  6.7499e-14  3.9478e-14  3.5090e+02  4.7991e-01  3.3313e-01  9.1454e+01
 3.8745e-01  6.6775e-14  3.9020e-14  3.4713e+02  4.7856e-01  3.3596e-01  9.1831e+01
 3.9335e-01  6.6058e-14  3.8568e-14  3.4340e+02  4.7722e-01  3.3880e-01  9.2207e+01
 3.9934e-01  6.5348e-14  3.8121e-14  3.3972e+02  4.7588e-01  3.4164e-01  9.2584e+01
 4.0542e-01  6.4647e-14  3.7679e-14  3.3607e+02  4.7453e-01  3.4448e-01  9.2960e+01
 4.1159e-01  6.3953e-14  3.7242e-14  3.3246e+02  4.7319e-01  3.4732e-01  9.3337e+01
 4.1786e-01  6.3266e-14  3.6811e-14  3.2889e+02  4.7184e-01  3.5016e-01  9.3713e+01
 4.2422e-01  6.2587e-14  3.6384e-14  3.2536e+02  4.7050e-01  3.5300e-01  9.4090e+01
 4.3068e-01  6.1915e-14  3.5962e-14  3.2187e+02  4.6915e-01  3.5584e-01  9.4466e+01
 4.3724e-01  6.1250e-14  3.5545e-14  3.1841e+02  4.6781e-01  3.5868e-01  9.4843e+01
 4.4389e-01  6.0440e-14  3.5063e-14  3.1420e+02  4.6630e-01  3.6157e-01  9.5000e+01
 4.5065e-01  5.9534e-14  3.4536e-14  3.0949e+02  4.6468e-01  3.6450e-01  9.5000e+01
 4.5751e-01  5.8641e-14  3.4018e-14  3.0485e+02  4.6306e-01  3.6743e-01  9.5000e+01
 4.6448e-01  5.7762e-14  3.3508e-14  3.0028e+02  4.6144e-01  3.7036e-01  9.5000e+01
 4.7155e-01  5.6896e-14  3.3005e-14  2.9578e+02  4.5982e-01  3.7329e-01  9.5000e+01
 4.7873e-01  5.6043e-14  3.2510e-14  2.9134e+02  4.5819e-01  3.7622e-01  9.5000e+01
 4.8602e-01  5.5202e-14  3.2022e-14  2.8697e+02  4.5657e-01  3.7915e-01  9.5000e+01
 4.9342e-01  5.4374e-14  3.1541e-14  2.8267e+02  4.5495e-01  3.8209e-01  9.5000e+01
 5.0094e-01  5.3559e-14  3.1068e-14  2.7843e+02  4.5333e-01  3.8502e-01  9.5000e+01
 5.0856e-01  5.2756e-14  3.0602e-14  2.7426e+02  4.5171e-01  3.8795e-01  9.5000e+01
 5.1631e-01  5.1965e-14  3.0143e-14  2.7014e+02  4.5009e-01  3.9088e-01  9.5000e+01
 5.2417e-01  5.1186e-14  2.9690e-14  2.6609e+02  4.4846e-01  3.9381e-01  9.5000e+01
 5.3215e-01  5.0418e-14  2.9245e-14  2.6210e+02  4.4684e-01  3.9674e-01  9.5000e+01
 5.4025e-01  4.9662e-14  2.8806e-14  2.5817e+02  4.4522e-01  3.9967e-01  9.5000e+01
 5.4848e-01  4.8917e-14  2.8374e-14  2.5430e+02  4.4360e-01  4.0260e-01  9.5000e+01
 5.5683e-01  4.8010e-14  2.7816e-14  2.4959e+02  4.4142e-01  4.0693e-01  9.5051e+01
 5.6531e-01  4.7082e-14  2.7240e-14  2.4476e+02  4.3912e-01  4.1157e-01  9.5114e+01
 5.7392e-01  4.6171e-14  2.6676e-14  2.4003e+02  4.3681e-01  4.1621e-01  9.5176e+01
 5.8265e-01  4.5279e-14  2.6124e-14  2.3539e+02  4.3451e-01  4.2085e-01  9.5239e+01
 5.9153e-01  4.4403e-14  2.5584e-14  2.3084e+02  4.3221e-01  4.2549e-01  9.5302e+01
 6.0053e-01  4.3544e-14  2.5054e-14  2.2637e+02  4.2991e-01  4.3013e-01  9.5364e+01
 6.0968e-01  4.2702e-14  2.4536e-14  2.2199e+02  4.2760e-01  4.3477e-01  9.5427e+01
 6.1896e-01  4.1877e-14  2.4028e-14  2.1770e+02  4.2530e-01  4.3940e-01  9.5490e+01
 6.2838e-01  4.1067e-14  2.3531e-14  2.1349e+02  4.2300e-01  4.4404e-01  9.5552e+01
 6.3795e-01  4.0273e-14  2.3044e-14  2.0936e+02  4.2069e-01  4.4868e-01  9.5615e+01
 6.4767e-01  3.9494e-14  2.2567e-14  2.0531e+02  4.1839e-01  4.5332e-01  9.5678e+01
 6.5753e-01  3.8730e-14  2.2100e-14  2.0134e+02  4.1609e-01  4.5796e-01  9.5740e+01
 6.6754e-01  3.7981e-14  2.1642e-14  1.9745e+02  4.1379e-01  4.6260e-01  9.5803e+01
 6.7770e-01  3.7247e-14  2.1195e-14  1.9363e+02  4.1148e-01  4.6724e-01  9.5866e+01
 6.8802e-01  3.6527e-14  2.0756e-14  1.8989e+02  4.0918e-01  4.7188e-01  9.5928e+01
 6.9850e-01  3.5820e-14  2.0326e-14  1.8622e+02  4.0688e-01  4.7652e-01  9.5991e+01
 7.0913e-01  3.5025e-14  1.9822e-14  1.8208e+02  4.0435e-01  4.8123e-01  9.6000e+01
 7.1993e-01  3.4230e-14  1.9317e-14  1.7795e+02  4.0179e-01  4.8595e-01  9.6000e+01
 7.3089e-01  3.3454e-14  1.8825e-14  1.7391e+02  3.9922e-01  4.9066e-01  9.6000e+01
 7.4202e-01  3.2695e-14  1.8345e-14  1.6997e+02  3.9666e-01  4.9538e-01  9.6000e+01
 7.5332e-01  3.1953e-14  1.7878e-14  1.6611e+02  3.9409e-01  5.0010e-01  9.6000e+01
 7.6479e-01  3.1228e-14  1.7422e-14  1.6235e+02  3.9153e-01  5.0482e-01  9.6000e+01
 7.7644e-01  3.0520e-14  1.6978e-14  1.5866e+02  3.8896e-01  5.0954e-01  9.6000e+01
 7.8826e-01  2.9827e-14  1.6546e-14  1.5507e+02  3.8640e-01  5.1425e-01  9.6000e+01
 8.0026e-01  2.9151e-14  1.6124e-14  1.5155e+02  3.8383e-01  5.1897e-01  9.6000e+01
 8.1244e-01  2.8489e-14  1.5713e-14  1.4811e+02  3.8127e-01  5.2369e-01  9.6000e+01
 8.2482e-01  2.7843e-14  1.5313e-14  1.4475e+02  3.7870e-01  5.2841e-01  9.6000e+01
 8.3737e-01  2.7211e-14  1.4923e-14  1.4147e+02  3.7614e-01  5.3313e-01  9.6000e+01
 8.5012e-01  2.6594e-14  1.4542e-14  1.3826e+02  3.7358e-01  5.3783e-01  9.6000e+01
 8.6307e-01  2.5931e-14  1.4126e-14  1.3481e+02  3.7105e-01  5.4127e-01  9.6000e+01
 8.7621e-01  2.5285e-14  1.3722e-14  1.3145e+02  3.6852e-01  5.4470e-01  9.6000e+01
 8.8955e-01  2.4655e-14  1.3329e-14  1.2818e+02  3.6599e-01  5.4813e-01  9.6000e+01
 9.0310e-01  2.4041e-14  1.2948e-14  1.2499e+02  3.6347e-01  5.5156e-01  9.6000e+01
 9.1685e-01  2.3442e-14  1.2577e-14  1.2187e+02  3.6094e-01  5.5499e-01  9.6000e+01
 9.3081e-01  2.2858e-14  1.2217e-14  1.1884e+02  3.5841e-01  5.5843e-01  9.6000e+01
 9.4498e-01  2.2289e-14  1.1868e-14  1.1588e+02  3.5588e-01  5.6186e-01  9.6000e+01
 9.5937e-01  2.1734e-14  1.1528e-14  1.1299e+02  3.5336e-01  5.6529e-01  9.6000e+01
 9.7398e-01  2.1193e-14  1.1198e-14  1.1017e+02  3.5083e-01  5.6872e-01  9.6000e+01
 9.8881e-01  2.0665e-14  1.0878e-14  1.0743e+02  3.4830e-01  5.7215e-01  9.6000e+01
 1.0039e+00  2.0143e-14  1.0561e-14  1.0472e+02  3.4586e-01  5.7516e-01  9.5972e+01
 1.0191e+00  1.9613e-14  1.0238e-14  1.0196e+02  3.4365e-01  5.7694e-01  9.5864e+01
 1.0347e+00  1.9098e-14  9.9247e-15  9.9284e+01  3.4144e-01  5.7871e-01  9.5756e+01
 1.0504e+00  1.8596e-14  9.6210e-15  9.6675e+01  3.3923e-01  5.8048e-01  9.5648e+01
 1.0664e+00  1.8108e-14  9.3267e-15  9.4134e+01  3.3702e-01  5.8226e-01  9.5540e+01
 1.0827e+00  1.7632e-14  9.0414e-15  9.1660e+01  3.3481e-01  5.8403e-01  9.5432e+01
 1.0991e+00  1.7168e-14  8.7648e-15  8.9252e+01  3.3260e-01  5.8580e-01  9.5324e+01
 1.1159e+00  1.6717e-14  8.4966e-15  8.6906e+01  3.3039e-01  5.8757e-01  9.5216e+01
 1.1329e+00  1.6278e-14  8.2367e-15  8.4622e+01  3.2818e-01  5.8935e-01  9.5107e+01
 1.1501e+00  1.5850e-14  7.9847e-15  8.2398e+01  3.2597e-01  5.9111e-01  9.5000e+01
 1.1676e+00  1.5423e-14  7.7311e-15  8.0177e+01  3.2398e-01  5.9177e-01  9.5000e+01
 1.1854e+00  1.5007e-14  7.4857e-15  7.8016e+01  3.2199e-01  5.9242e-01  9.5000e+01
 1.2035e+00  1.4603e-14  7.2480e-15  7.5913e+01  3.2001e-01  5.9307e-01  9.5000e+01
 1.2218e+00  1.4209e-14  7.0179e-15  7.3867e+01  3.1802e-01  5.9373e-01  9.5000e+01
 1.2404e+00  1.3826e-14  6.7950e-15  7.1876e+01  3.1603e-01  5.9438e-01  9.5000e+01
 1.2593e+00  1.3454e-14  6.5793e-15  6.9938e+01  3.1405e-01  5.9503e-01  9.5000e+01
 1.2784e+00  1.3091e-14  6.3704e-15  6.8053e+01  3.1206e-01  5.9569e-01  9.5000e+01
 1.2979e+00  1.2738e-14  6.1681e-15  6.6219e+01  3.1007e-01  5.9634e-01  9.5000e+01
 1.3177e+00  1.2390e-14  5.9668e-15  6.4410e+01  3.0831e-01  5.9627e-01  9.4950e+01
 1.3377e+00  1.2051e-14  5.7714e-15  6.2648e+01  3.0658e-01  5.9612e-01  9.4893e+01
 1.3581e+00  1.1722e-14  5.5824e-15  6.0934e+01  3.0485e-01  5.9596e-01  9.4837e+01
 1.3788e+00  1.1401e-14  5.3996e-15  5.9267e+01  3.0311e-01  5.9581e-01  9.4781e+01
 1.3998e+00  1.1089e-14  5.2228e-15  5.7646e+01  3.0138e-01  5.9565e-01  9.4724e+01
 1.4211e+00  1.0786e-14  5.0518e-15  5.6069e+01  2.9965e-01  5.9550e-01  9.4668e+01
 1.4427e+00  1.0491e-14  4.8864e-15  5.4535e+01  2.9792e-01  5.9535e-01  9.4612e+01
 1.4647e+00  1.0204e-14  4.7264e-15  5.3043e+01  2.9618e-01  5.9519e-01  9.4555e+01
 1.4870e+00  9.9244e-15  4.5716e-15  5.1592e+01  2.9445e-01  5.9504e-01  9.4499e+01
 1.5096e+00  9.6529e-15  4.4219e-15  5.0181e+01  2.9272e-01  5.9488e-01  9.4443e+01
 1.5326e+00  9.3888e-15  4.2771e-15  4.8808e+01  2.9098e-01  5.9473e-01  9.4386e+01
 1.5560e+00  9.1320e-15  4.1371e-15  4.7473e+01  2.8925e-01  5.9457e-01  9.4330e+01
 1.5796e+00  8.8822e-15  4.0016e-15  4.6174e+01  2.8752e-01  5.9442e-01  9.4274e+01
 1.6037e+00  8.6392e-15  3.8706e-15  4.4911e+01  2.8579e-01  5.9427e-01  9.4217e+01
 1.6281e+00  8.4028e-15  3.7438e-15  4.3682e+01  2.8405e-01  5.9411e-01  9.4161e+01
 1.6529e+00  8.1730e-15  3.6212e-15  4.2487e+01  2.8232e-01  5.9396e-01  9.4105e+01
 1.6781e+00  7.9494e-15  3.5027e-15  4.1325e+01  2.8059e-01  5.9380e-01  9.4048e+01
 1.7036e+00  7.7318e-15  3.3875e-15  4.0194e+01  2.7883e-01  5.9375e-01  9.3987e+01
 1.7296e+00  7.5195e-15  3.2733e-15  3.9090e+01  2.7695e-01  5.9432e-01  9.3894e+01
 1.7559e+00  7.3130e-15  3.1629e-15  3.8017e+01  2.7506e-01  5.9489e-01  9.3801e+01
 1.7826e+00  7.1121e-15  3.0563e-15  3.6973e+01  2.7317e-01  5.9547e-01  9.3708e+01
 1.8098e+00  6.9168e-15  2.9533e-15  3.5957e+01  2.7128e-01  5.9604e-01  9.3615e+01
 1.8373e+00  6.7269e-15  2.8537e-15  3.4970e+01  2.6939e-01  5.9661e-01  9.3522e+01
 1.8653e+00  6.5421e-15  2.7575e-15  3.4009e+01  2.6750e-01  5.9718e-01  9.3429e+01
 1.8937e+00  6.3625e-15  2.6646e-15  3.3075e+01  2.6561e-01  5.9775e-01  9.3336e+01
 1.9225e+00  6.1877e-15  2.5747e-15  3.2167e+01  2.6373e-01  5.9833e-01  9.3243e+01
 1.9518e+00  6.0178e-15  2.4879e-15  3.1284e+01  2.6184e-01  5.9890e-01  9.3150e+01
 1.9815e+00  5.8526e-15  2.4041e-15  3.0424e+01  2.5995e-01  5.9947e-01  9.3057e+01
 2.0117e+00  5.6916e-15  2.3221e-15  2.9588e+01  2.5791e-01  6.0042e-01  9.3000e+01
 2.0423e+00  5.5348e-15  2.2416e-15  2.8773e+01  2.5564e-01  6.0197e-01  9.3000e+01
 2.0734e+00  5.3823e-15  2.1638e-15  2.7980e+01  2.5336e-01  6.0353e-01  9.3000e+01
 2.1050e+00  5.2340e-15  2.0887e-15  2.7210e+01  2.5109e-01  6.0508e-01  9.3000e+01
 2.1371e+00  5.0898e-15  2.0163e-15  2.6460e+01  2.4881e-01  6.0664e-01  9.3000e+01
 2.1696e+00  4.9496e-15  1.9463e-15  2.5731e+01  2.4653e-01  6.0819e-01  9.3000e+01
 2.2026e+00  4.8133e-15  1.8787e-15  2.5023e+01  2.4422e-01  6.0987e-01  9.2994e+01
 2.2362e+00  4.6810e-15  1.8112e-15  2.4335e+01  2.4149e-01  6.1302e-01  9.2920e+01
 2.2702e+00  4.5523e-15  1.7463e-15  2.3666e+01  2.3877e-01  6.1617e-01  9.2847e+01
 2.3048e+00  4.4272e-15  1.6836e-15  2.3015e+01  2.3604e-01  6.1932e-01  9.2773e+01
 2.3399e+00  4.3055e-15  1.6232e-15  2.2382e+01  2.3331e-01  6.2248e-01  9.2699e+01
 2.3755e+00  4.1871e-15  1.5650e-15  2.1767e+01  2.3058e-01  6.2563e-01  9.2625e+01
 2.4117e+00  4.0720e-15  1.5088e-15  2.1169e+01  2.2785e-01  6.2878e-01  9.2551e+01
 2.4484e+00  3.9601e-15  1.4547e-15  2.0587e+01  2.2512e-01  6.3193e-01  9.2478e+01
 2.4857e+00  3.8513e-15  1.4025e-15  2.0021e+01  2.2239e-01  6.3508e-01  9.2404e+01
 2.5235e+00  3.7454e-15  1.3522e-15  1.9470e+01  2.1967e-01  6.3823e-01  9.2330e+01
 2.5620e+00  3.6424e-15  1.3037e-15  1.8935e+01  2.1694e-01  6.4139e-01  9.2256e+01
 2.6010e+00  3.5423e-15  1.2569e-15  1.8415e+01  2.1421e-01  6.4454e-01  9.2182e+01
 2.6406e+00  3.4450e-15  1.2118e-15  1.7908e+01  2.1148e-01  6.4769e-01  9.2109e+01
 2.6808e+00  3.3503e-15  1.1683e-15  1.7416e+01  2.0875e-01  6.5084e-01  9.2035e+01
 2.7216e+00  3.2580e-15  1.1252e-15  1.6936e+01  2.0572e-01  6.5448e-01  9.1924e+01
 2.7630e+00  3.1680e-15  1.0827e-15  1.6469e+01  2.0242e-01  6.5856e-01  9.1781e+01
 2.8051e+00  3.0805e-15  1.0417e-15  1.6014e+01  1.9912e-01  6.6264e-01  9.1638e+01
 2.8478e+00  2.9955e-15  1.0024e-15  1.5572e+01  1.9582e-01  6.6672e-01  9.1494e+01
 2.8912e+00  2.9127e-15  9.6446e-16  1.5142e+01  1.9252e-01  6.7080e-01  9.1351e+01
 2.9352e+00  2.8323e-15  9.2800e-16  1.4724e+01  1.8922e-01  6.7488e-01  9.1207e+01
 2.9799e+00  2.7541e-15  8.9292e-16  1.4317e+01  1.8592e-01  6.7895e-01  9.1064e+01
 3.0253e+00  2.6781e-15  8.5867e-16  1.3922e+01  1.8249e-01  6.8329e-01  9.1000e+01
 3.0713e+00  2.6043e-15  8.2537e-16  1.3539e+01  1.7895e-01  6.8783e-01  9.1000e+01
 3.1181e+00  2.5325e-15  7.9311e-16  1.3166e+01  1.7530e-01  6.9231e-01  9.1000e+01
 3.1656e+00  2.4626e-15  7.6174e-16  1.2803e+01  1.7148e-01  6.9670e-01  9.1000e+01
 3.2138e+00  2.3947e-15  7.3154e-16  1.2450e+01  1.6770e-01  7.0108e-01  9.1000e+01
 3.2627e+00  2.3289e-15  7.0237e-16  1.2107e+01  1.6406e-01  7.0543e-01  9.1000e+01
 3.3124e+00  2.2647e-15  6.7427e-16  1.1773e+01  1.6043e-01  7.0983e-01  9.0875e+01
 3.3628e+00  2.2021e-15  6.4704e-16  1.1447e+01  1.5685e-01  7.1437e-01  9.0368e+01
 3.4140e+00  2.1412e-15  6.2087e-16  1.1131e+01  1.5325e-01  7.1892e-01  9.0000e+01
 3.4660e+00  2.0820e-15  5.9567e-16  1.0823e+01  1.4963e-01  7.2349e-01  9.0000e+01
 3.5188e+00  2.0244e-15  5.7130e-16  1.0524e+01  1.4591e-01  7.2803e-01  9.0000e+01
 3.5724e+00  1.9683e-15  5.4757e-16  1.0233e+01  1.4200e-01  7.3253e-01  9.0000e+01
 3.6267e+00  1.9136e-15  5.2465e-16  9.9487e+00  1.3810e-01  7.3691e-01  9.0000e+01
 3.6820e+00  1.8605e-15  5.0251e-16  9.6721e+00  1.3419e-01  7.4119e-01  9.0000e+01
 3.7380e+00  1.8090e-15  4.8122e-16  9.4042e+00  1.3043e-01  7.4537e-01  9.0000e+01
 3.7950e+00  1.7589e-15  4.6079e-16  9.1440e+00  1.2674e-01  7.4952e-01  9.0000e+01
 3.8527e+00  1.7103e-15  4.4091e-16  8.8912e+00  1.2303e-01  7.5377e-01  8.9469e+01
 3.9114e+00  1.6630e-15  4.2186e-16  8.6455e+00  1.1933e-01  7.5804e-01  8.9000e+01
 3.9710e+00  1.6172e-15  4.0358e-16  8.4075e+00  1.1568e-01  7.6227e-01  8.9000e+01
 4.0314e+00  1.5727e-15  3.8591e-16  8.1758e+00  1.1193e-01  7.6648e-01  8.9000e+01
 4.0928e+00  1.5293e-15  3.6884e-16  7.9501e+00  1.0810e-01  7.7066e-01  8.9000e+01
 4.1551e+00  1.4870e-15  3.5237e-16  7.7303e+00  1.0425e-01  7.7464e-01  8.9000e+01
 4.2184e+00  1.4459e-15  3.3655e-16  7.5164e+00  1.0043e-01  7.7855e-01  8.9000e+01
 4.2826e+00  1.4058e-15  3.2132e-16  7.3081e+00  9.6674e-02  7.8235e-01  8.9000e+01
 4.3478e+00  1.3669e-15  3.0666e-16  7.1063e+00  9.3010e-02  7.8614e-01  8.9000e+01
 4.4140e+00  1.3293e-15  2.9259e-16  6.9105e+00  8.9374e-02  7.8995e-01  8.9000e+01
 4.4812e+00  1.2928e-15  2.7902e-16  6.7207e+00  8.5719e-02  7.9385e-01  8.9000e+01
 4.5495e+00  1.2578e-15  2.6573e-16  6.5388e+00  8.1979e-02  7.9755e-01  8.8896e+01
 4.6187e+00  1.2240e-15  2.5294e-16  6.3629e+00  7.8207e-02  8.0118e-01  8.8753e+01
 4.6891e+00  1.1910e-15  2.4077e-16  6.1917e+00  7.4436e-02  8.0481e-01  8.8609e+01
 4.7605e+00  1.1590e-15  2.2919e-16  6.0251e+00  7.0664e-02  8.0844e-01  8.8466e+01
 4.8329e+00  1.1278e-15  2.1816e-16  5.8631e+00  6.6892e-02  8.1206e-01  8.8323e+01
 4.9065e+00  1.0975e-15  2.0766e-16  5.7053e+00  6.3120e-02  8.1569e-01  8.8179e+01
 4.9812e+00  1.0679e-15  1.9767e-16  5.5518e+00  5.9348e-02  8.1932e-01  8.8036e+01
 5.0571e+00  1.0403e-15  1.8780e-16  5.4084e+00  5.5606e-02  8.2258e-01  8.7881e+01
 5.1341e+00  1.0138e-15  1.7831e-16  5.2707e+00  5.1875e-02  8.2572e-01  8.7722e+01
 5.2123e+00  9.8802e-16  1.6930e-16  5.1364e+00  4.8143e-02  8.2885e-01  8.7564e+01
 5.2916e+00  9.6286e-16  1.6074e-16  5.0056e+00  4.4411e-02  8.3199e-01  8.7405e+01
 5.3722e+00  9.3834e-16  1.5262e-16  4.8781e+00  4.0679e-02  8.3513e-01  8.7247e+01
 5.4540e+00  9.1444e-16  1.4491e-16  4.7538e+00  3.6947e-02  8.3827e-01  8.7088e+01
 5.5370e+00  8.9214e-16  1.3744e-16  4.6379e+00  3.3303e-02  8.4111e-01  8.6923e+01
 5.6213e+00  8.7160e-16  1.3019e-16  4.5311e+00  2.9770e-02  8.4358e-01  8.6749e+01
 5.7069e+00  8.5154e-16  1.2333e-16  4.4268e+00  2.6236e-02  8.4605e-01  8.6576e+01
 5.7938e+00  8.3194e-16  1.1682e-16  4.3249e+00  2.2702e-02  8.4852e-01  8.6402e+01
 5.8821e+00  8.1278e-16  1.1066e-16  4.2253e+00  1.9168e-02  8.5099e-01  8.6228e+01
 5.9716e+00  7.9407e-16  1.0483e-16  4.1281e+00  1.5635e-02  8.5346e-01  8.6054e+01
 6.0625e+00  7.7673e-16  9.9128e-17  4.0379e+00  1.2207e-02  8.5560e-01  8.6000e+01
 6.1549e+00  7.6020e-16  9.3665e-17  3.9520e+00  8.8274e-03  8.5759e-01  8.6000e+01
 6.2486e+00  7.4401e-16  8.8502e-17  3.8679e+00  5.4479e-03  8.5958e-01  8.6000e+01
 6.3437e+00  7.2817e-16  8.3625e-17  3.7855e+00  2.0684e-03  8.6156e-01  8.6000e+01
 6.4403e+00  7.1267e-16  7.9016e-17  3.7050e+00 -1.3111e-03  8.6355e-01  8.6000e+01
 6.5384e+00  6.9756e-16  7.4559e-17  3.6264e+00 -4.7227e-03  8.6545e-01  8.5921e+01
 6.6379e+00  6.8284e-16  7.0203e-17  3.5499e+00 -8.1844e-03  8.6722e-01  8.5717e+01
 6.7390e+00  6.6844e-16  6.6102e-17  3.4750e+00 -1.1646e-02  8.6898e-01  8.5513e+01
 6.8416e+00  6.5435e-16  6.2240e-17  3.4017e+00 -1.5108e-02  8.7075e-01  8.5309e+01
 6.9458e+00  6.4055e-16  5.8604e-17  3.3299e+00 -1.8570e-02  8.7252e-01  8.5105e+01
 7.0515e+00  6.3357e-16  5.5043e-17  3.2936e+00 -2.2222e-02  8.7402e-01  8.5000e+01
 7.1589e+00  6.3358e-16  5.1563e-17  3.2937e+00 -2.6076e-02  8.7524e-01  8.5000e+01
 7.2679e+00  6.3359e-16  4.8302e-17  3.2938e+00 -2.9930e-02  8.7646e-01  8.5000e+01
 7.3786e+00  6.3360e-16  4.5248e-17  3.2938e+00 -3.3785e-02  8.7768e-01  8.5000e+01
 7.4909e+00  6.3361e-16  4.2387e-17  3.2939e+00 -3.7639e-02  8.7890e-01  8.5000e+01
 7.6050e+00  6.9560e-16  3.9827e-17  3.6162e+00 -4.0629e-02  8.8048e-01  8.4785e+01
 7.7208e+00  7.6990e-16  3.7431e-17  4.0024e+00 -4.3543e-02  8.8209e-01  8.4550e+01
 7.8383e+00  8.5214e-16  3.5179e-17  4.4299e+00 -4.6457e-02  8.8370e-01  8.4316e+01
 7.9577e+00  9.4316e-16  3.3062e-17  4.9031e+00 -4.9371e-02  8.8531e-01  8.4082e+01
 8.0788e+00  1.0621e-15  3.1545e-17  5.5214e+00 -5.0123e-02  8.8807e-01  8.4000e+01
 8.2019e+00  1.2073e-15  3.0343e-17  6.2760e+00 -4.9706e-02  8.9147e-01  8.4000e+01
 8.3267e+00  1.3722e-15  2.9187e-17  7.1337e+00 -4.9289e-02  8.9487e-01  8.4000e+01
 8.4535e+00  1.5598e-15  2.8075e-17  8.1087e+00 -4.8871e-02  8.9827e-01  8.4000e+01
 8.5822e+00  1.7359e-15  2.7350e-17  9.0243e+00 -4.7161e-02  9.0231e-01  8.4168e+01
 8.7129e+00  1.9089e-15  2.6838e-17  9.9235e+00 -4.4713e-02  9.0671e-01  8.4433e+01
 8.8456e+00  2.0990e-15  2.6335e-17  1.0912e+01 -4.2266e-02  9.1112e-01  8.4697e+01
 8.9803e+00  2.3081e-15  2.5842e-17  1.1999e+01 -3.9818e-02  9.1552e-01  8.4962e+01
 9.1170e+00  2.4748e-15  2.5946e-17  1.2866e+01 -3.5758e-02  9.2049e-01  8.5297e+01
 9.2558e+00  2.6421e-15  2.6153e-17  1.3735e+01 -3.1424e-02  9.2555e-01  8.5645e+01
 9.3968e+00  2.8208e-15  2.6361e-17  1.4664e+01 -2.7090e-02  9.3061e-01  8.5992e+01
 9.5398e+00  2.8243e-15  2.6172e-17  1.4682e+01 -2.4230e-02  9.3410e-01  8.6000e+01
 9.6851e+00  2.7544e-15  2.5601e-17  1.4319e+01 -2.2461e-02  9.3660e-01  8.6000e+01
 9.8326e+00  2.6621e-15  2.4805e-17  1.3839e+01 -2.1379e-02  9.3856e-01  8.6000e+01
 9.9823e+00  2.5712e-15  2.3959e-17  1.3367e+01 -2.0548e-02  9.4030e-01  8.6000e+01
 1.0134e+01  2.4661e-15  2.3181e-17  1.2821e+01 -1.9533e-02  9.4195e-01  8.6273e+01
 1.0289e+01  2.3631e-15  2.2433e-17  1.2286e+01 -1.8491e-02  9.4360e-01  8.6583e+01
 1.0445e+01  2.2645e-15  2.1710e-17  1.1773e+01 -1.7450e-02  9.4525e-01  8.6893e+01
 1.0604e+01  2.1327e-15  2.0693e-17  1.1087e+01 -1.7095e-02  9.4618e-01  8.7000e+01
 1.0766e+01  1.9902e-15  1.9566e-17  1.0346e+01 -1.7105e-02  9.4673e-01  8.7000e+01
 1.0930e+01  1.8573e-15  1.8500e-17  9.6552e+00 -1.7114e-02  9.4729e-01  8.7000e+01
 1.1096e+01  1.7408e-15  1.7467e-17  9.0500e+00 -1.7262e-02  9.4784e-01  8.7000e+01
 1.1265e+01  1.6343e-15  1.6437e-17  8.4962e+00 -1.7631e-02  9.4830e-01  8.7000e+01
 1.1437e+01  1.5436e-15  1.5362e-17  8.0245e+00 -1.8816e-02  9.4880e-01  8.7000e+01
 1.1611e+01  1.4440e-15  1.4617e-17  7.5067e+00 -1.7535e-02  9.4894e-01  8.7000e+01
 1.1787e+01  1.3580e-15  1.3735e-17  7.0597e+00 -1.8035e-02  9.4944e-01  8.7000e+01
 1.1967e+01  1.2681e-15  1.2865e-17  6.5924e+00 -1.8615e-02  9.4979e-01  8.7000e+01
 1.2149e+01  1.1828e-15  1.2007e-17  6.1489e+00 -1.9443e-02  9.5004e-01  8.7000e+01
 1.2334e+01  1.1095e-15  1.1206e-17  5.7677e+00 -2.0416e-02  9.5038e-01  8.7000e+01
 1.2522e+01  1.0413e-15  1.0460e-17  5.4133e+00 -2.1486e-02  9.5075e-01  8.7000e+01
 1.2713e+01  9.7435e-16  9.7356e-18  5.0652e+00 -2.2876e-02  9.5105e-01  8.7000e+01
 1.2906e+01  9.1022e-16  9.0286e-18  4.7319e+00 -2.4713e-02  9.5129e-01  8.7000e+01
 1.3103e+01  8.5563e-16  8.3695e-18  4.4481e+00 -2.6766e-02  9.5158e-01  8.7000e+01
 1.3302e+01  8.0694e-16  7.7526e-18  4.1950e+00 -2.9005e-02  9.5189e-01  8.7000e+01
 1.3505e+01  7.6130e-16  7.1592e-18  3.9578e+00 -3.1679e-02  9.5215e-01  8.6990e+01
 1.3710e+01  7.3029e-16  6.5788e-18  3.7965e+00 -3.5071e-02  9.5240e-01  8.6575e+01
 1.3919e+01  7.0054e-16  6.0456e-18  3.6419e+00 -3.8463e-02  9.5264e-01  8.6159e+01
 1.4131e+01  6.9071e-16  5.5664e-18  3.5907e+00 -4.1739e-02  9.5294e-01  8.6000e+01
 1.4346e+01  6.9273e-16  5.1314e-18  3.6012e+00 -4.4942e-02  9.5326e-01  8.6000e+01
 1.4565e+01  6.9981e-16  4.7457e-18  3.6380e+00 -4.7775e-02  9.5363e-01  8.6000e+01
 1.4786e+01  7.1935e-16  4.4228e-18  3.7396e+00 -4.9719e-02  9.5412e-01  8.6000e+01
 1.5012e+01  7.3970e-16  4.1242e-18  3.8454e+00 -5.1599e-02  9.5462e-01  8.6000e+01
 1.5240e+01  7.6557e-16  3.8856e-18  3.9799e+00 -5.2273e-02  9.5534e-01  8.6000e+01
 1.5472e+01  7.9235e-16  3.6608e-18  4.1191e+00 -5.2948e-02  9.5605e-01  8.6000e+01
 1.5708e+01  8.2007e-16  3.4490e-18  4.2631e+00 -5.3623e-02  9.5677e-01  8.6000e+01
 1.5947e+01  8.4876e-16  3.2495e-18  4.4123e+00 -5.4298e-02  9.5749e-01  8.6000e+01
 1.6190e+01  8.7687e-16  3.0958e-18  4.5584e+00 -5.3914e-02  9.5844e-01  8.6000e+01
 1.6436e+01  9.0547e-16  2.9587e-18  4.7071e+00 -5.3233e-02  9.5946e-01  8.6000e+01
 1.6687e+01  9.3499e-16  2.8276e-18  4.8606e+00 -5.2551e-02  9.6047e-01  8.6000e+01
 1.6941e+01  9.6548e-16  2.7024e-18  5.0192e+00 -5.1870e-02  9.6149e-01  8.6000e+01
 1.7199e+01  9.8555e-16  2.6013e-18  5.1235e+00 -5.0645e-02  9.6256e-01  8.6000e+01
 1.7460e+01  1.0026e-15  2.5095e-18  5.2118e+00 -4.9257e-02  9.6364e-01  8.6000e+01
 1.7726e+01  1.0199e-15  2.4209e-18  5.3017e+00 -4.7869e-02  9.6473e-01  8.6000e+01
 1.7996e+01  1.0375e-15  2.3354e-18  5.3931e+00 -4.6480e-02  9.6581e-01  8.6000e+01
 1.8270e+01  1.0328e-15  2.2534e-18  5.3687e+00 -4.5138e-02  9.6682e-01  8.6276e+01
 1.8548e+01  1.0278e-15  2.1744e-18  5.3427e+00 -4.3797e-02  9.6782e-01  8.6555e+01
 1.8831e+01  1.0228e-15  2.0981e-18  5.3169e+00 -4.2455e-02  9.6882e-01  8.6835e+01
 1.9118e+01  1.0095e-15  2.0169e-18  5.2478e+00 -4.1367e-02  9.6969e-01  8.7000e+01
 1.9409e+01  9.8453e-16  1.9284e-18  5.1180e+00 -4.0648e-02  9.7038e-01  8.7000e+01
 1.9704e+01  9.6016e-16  1.8437e-18  4.9914e+00 -3.9928e-02  9.7108e-01  8.7000e+01
 2.0004e+01  9.3636e-16  1.7626e-18  4.8679e+00 -3.9217e-02  9.7176e-01  8.7000e+01
 2.0309e+01  9.1119e-16  1.6684e-18  4.7370e+00 -3.9103e-02  9.7211e-01  8.7000e+01
 2.0618e+01  8.8669e-16  1.5794e-18  4.6096e+00 -3.8988e-02  9.7245e-01  8.7000e+01
 2.0932e+01  8.6285e-16  1.4950e-18  4.4856e+00 -3.8874e-02  9.7279e-01  8.7000e+01
 2.1251e+01  8.3965e-16  1.4152e-18  4.3650e+00 -3.8759e-02  9.7313e-01  8.7000e+01
 2.1574e+01  8.1707e-16  1.3397e-18  4.2476e+00 -3.8644e-02  9.7348e-01  8.7000e+01
 2.1903e+01  7.9510e-16  1.2681e-18  4.1334e+00 -3.8530e-02  9.7382e-01  8.7000e+01
 2.2236e+01  7.7396e-16  1.1982e-18  4.0235e+00 -3.8471e-02  9.7410e-01  8.7000e+01
 2.2575e+01  7.5347e-16  1.1313e-18  3.9169e+00 -3.8435e-02  9.7436e-01  8.7000e+01
 2.2919e+01  7.3353e-16  1.0681e-18  3.8132e+00 -3.8399e-02  9.7461e-01  8.7000e+01
 2.3268e+01  7.1603e-16  1.0084e-18  3.7223e+00 -3.8366e-02  9.7487e-01  8.7000e+01
 2.3622e+01  6.9953e-16  9.5204e-19  3.6365e+00 -3.8334e-02  9.7513e-01  8.7000e+01
 2.3981e+01  6.8340e-16  8.9881e-19  3.5526e+00 -3.8302e-02  9.7540e-01  8.7000e+01
 2.4347e+01  6.6808e-16  8.4886e-19  3.4730e+00 -3.8328e-02  9.7566e-01  8.7000e+01
 2.4717e+01  6.5313e-16  8.0170e-19  3.3953e+00 -3.8358e-02  9.7592e-01  8.7000e+01
 2.5094e+01  6.3852e-16  7.5687e-19  3.3194e+00 -3.8421e-02  9.7615e-01  8.7000e+01
 2.5476e+01  6.2427e-16  7.1370e-19  3.2453e+00 -3.8582e-02  9.7627e-01  8.7000e+01
 2.5864e+01  6.1034e-16  6.7299e-19  3.1729e+00 -3.8743e-02  9.7639e-01  8.7000e+01
 2.6257e+01  5.9696e-16  6.3470e-19  3.1034e+00 -3.8875e-02  9.7649e-01  8.7000e+01
 2.6657e+01  5.8400e-16  5.9864e-19  3.0360e+00 -3.8991e-02  9.7658e-01  8.7000e+01
 2.7063e+01  5.7138e-16  5.6466e-19  2.9704e+00 -3.9103e-02  9.7666e-01  8.7000e+01
 2.7475e+01  5.5940e-16  5.3279e-19  2.9081e+00 -3.9196e-02  9.7674e-01  8.7000e+01
 2.7894e+01  5.4767e-16  5.0272e-19  2.8471e+00 -3.9289e-02  9.7681e-01  8.7000e+01
 2.8318e+01  5.3646e-16  4.7447e-19  2.7888e+00 -3.9341e-02  9.7688e-01  8.7000e+01
 2.8749e+01  5.2558e-16  4.4783e-19  2.7323e+00 -3.9381e-02  9.7694e-01  8.7000e+01
 2.9187e+01  5.1492e-16  4.2269e-19  2.6769e+00 -3.9420e-02  9.7700e-01  8.7000e+01
 2.9632e+01  5.0448e-16  3.9897e-19  2.6226e+00 -3.9459e-02  9.7706e-01  8.7000e+01
 3.0083e+01  4.9421e-16  3.7655e-19  2.5693e+00 -3.9493e-02  9.7711e-01  8.7000e+01
 3.0541e+01  4.8395e-16  3.5533e-19  2.5159e+00 -3.9503e-02  9.7712e-01  8.7000e+01
 3.1006e+01  4.7391e-16  3.3530e-19  2.4637e+00 -3.9513e-02  9.7713e-01  8.7000e+01
 3.1478e+01  4.6407e-16  3.1640e-19  2.4126e+00 -3.9524e-02  9.7714e-01  8.7000e+01
 3.1957e+01  4.5444e-16  2.9856e-19  2.3625e+00 -3.9534e-02  9.7715e-01  8.7000e+01
 3.2444e+01  4.4501e-16  2.8173e-19  2.3135e+00 -3.9544e-02  9.7716e-01  8.7000e+01
 3.2938e+01  4.3578e-16  2.6585e-19  2.2655e+00 -3.9555e-02  9.7716e-01  8.7000e+01
 3.3439e+01  4.2673e-16  2.5086e-19  2.2185e+00 -3.9565e-02  9.7717e-01  8.7000e+01
 3.3949e+01  4.1788e-16  2.3672e-19  2.1724e+00 -3.9575e-02  9.7718e-01  8.7000e+01
 3.4465e+01  4.0921e-16  2.2338e-19  2.1274e+00 -3.9586e-02  9.7719e-01  8.7000e+01
 3.4990e+01  4.0071e-16  2.1078e-19  2.0832e+00 -3.9596e-02  9.7720e-01  8.7000e+01
 3.5523e+01  3.9165e-16  1.9894e-19  2.0361e+00 -3.9514e-02  9.7718e-01  8.7111e+01
 3.6064e+01  3.8278e-16  1.8776e-19  1.9899e+00 -3.9431e-02  9.7716e-01  8.7224e+01
 3.6613e+01  3.7411e-16  1.7721e-19  1.9448e+00 -3.9347e-02  9.7714e-01  8.7337e+01
 3.7171e+01  3.6563e-16  1.6725e-19  1.9008e+00 -3.9264e-02  9.7712e-01  8.7451e+01
 3.7737e+01  3.5735e-16  1.5785e-19  1.8577e+00 -3.9181e-02  9.7710e-01  8.7564e+01
 3.8311e+01  3.4925e-16  1.4898e-19  1.8156e+00 -3.9097e-02  9.7708e-01  8.7677e+01
 3.8894e+01  3.4134e-16  1.4060e-19  1.7745e+00 -3.9014e-02  9.7707e-01  8.7790e+01
 3.9487e+01  3.3361e-16  1.3270e-19  1.7342e+00 -3.8930e-02  9.7705e-01  8.7903e+01
 4.0088e+01  3.2590e-16  1.2524e-19  1.6942e+00 -3.8844e-02  9.7702e-01  8.8000e+01
 4.0698e+01  3.1749e-16  1.1816e-19  1.6504e+00 -3.8741e-02  9.7692e-01  8.8000e+01
 4.1318e+01  3.0929e-16  1.1148e-19  1.6079e+00 -3.8637e-02  9.7682e-01  8.8000e+01
 4.1947e+01  3.0131e-16  1.0518e-19  1.5664e+00 -3.8534e-02  9.7673e-01  8.8000e+01
 4.2586e+01  2.9353e-16  9.9231e-20  1.5259e+00 -3.8430e-02  9.7663e-01  8.8000e+01
 4.3234e+01  2.8595e-16  9.3621e-20  1.4866e+00 -3.8327e-02  9.7653e-01  8.8000e+01
 4.3892e+01  2.7857e-16  8.8329e-20  1.4482e+00 -3.8224e-02  9.7644e-01  8.8000e+01
 4.4561e+01  2.7138e-16  8.3336e-20  1.4108e+00 -3.8120e-02  9.7634e-01  8.8000e+01
 4.5239e+01  2.6418e-16  7.8607e-20  1.3734e+00 -3.7970e-02  9.7619e-01  8.8000e+01
 4.5928e+01  2.5683e-16  7.4117e-20  1.3352e+00 -3.7732e-02  9.7595e-01  8.8000e+01
 4.6627e+01  2.4969e-16  6.9884e-20  1.2981e+00 -3.7494e-02  9.7570e-01  8.8000e+01
 4.7337e+01  2.4275e-16  6.5892e-20  1.2620e+00 -3.7257e-02  9.7546e-01  8.8000e+01
 4.8058e+01  2.3600e-16  6.2128e-20  1.2269e+00 -3.7019e-02  9.7521e-01  8.8000e+01
 4.8790e+01  2.2943e-16  5.8580e-20  1.1927e+00 -3.6781e-02  9.7497e-01  8.8000e+01
 4.9533e+01  2.2305e-16  5.5234e-20  1.1595e+00 -3.6544e-02  9.7472e-01  8.8000e+01
 5.0287e+01  2.1673e-16  5.2069e-20  1.1267e+00 -3.6189e-02  9.7449e-01  8.8000e+01
 5.1053e+01  2.1039e-16  4.9070e-20  1.0937e+00 -3.5641e-02  9.7428e-01  8.8000e+01
 5.1830e+01  2.0424e-16  4.6245e-20  1.0618e+00 -3.5094e-02  9.7407e-01  8.8000e+01
 5.2619e+01  1.9827e-16  4.3581e-20  1.0307e+00 -3.4547e-02  9.7386e-01  8.8000e+01
 5.3420e+01  1.9247e-16  4.1072e-20  1.0006e+00 -3.3999e-02  9.7365e-01  8.8000e+01
 5.4234e+01  1.8685e-16  3.8707e-20  9.7134e-01 -3.3452e-02  9.7344e-01  8.8000e+01
 5.5060e+01  1.8137e-16  3.6477e-20  9.4288e-01 -3.2891e-02  9.7324e-01  8.8000e+01
 5.5898e+01  1.7590e-16  3.4362e-20  9.1441e-01 -3.2147e-02  9.7306e-01  8.8000e+01
 5.6749e+01  1.7059e-16  3.2371e-20  8.8681e-01 -3.1403e-02  9.7288e-01  8.8000e+01
 5.7613e+01  1.6544e-16  3.0495e-20  8.6004e-01 -3.0660e-02  9.7270e-01  8.8000e+01
 5.8490e+01  1.6044e-16  2.8727e-20  8.3408e-01 -2.9916e-02  9.7252e-01  8.8000e+01
 5.9381e+01  1.5560e-16  2.7062e-20  8.0891e-01 -2.9172e-02  9.7234e-01  8.8000e+01
 6.0285e+01  1.5087e-16  2.5492e-20  7.8432e-01 -2.8381e-02  9.7218e-01  8.8059e+01
 6.1203e+01  1.4622e-16  2.4008e-20  7.6013e-01 -2.7485e-02  9.7205e-01  8.8248e+01
 6.2135e+01  1.4171e-16  2.2610e-20  7.3669e-01 -2.6589e-02  9.7191e-01  8.8437e+01
 6.3081e+01  1.3734e-16  2.1294e-20  7.1397e-01 -2.5693e-02  9.7178e-01  8.8626e+01
 6.4042e+01  1.3311e-16  2.0054e-20  6.9195e-01 -2.4797e-02  9.7165e-01  8.8814e+01
 6.5017e+01  1.2900e-16  1.8887e-20  6.7061e-01 -2.3899e-02  9.7152e-01  8.9000e+01
 6.6007e+01  1.2496e-16  1.7784e-20  6.4959e-01 -2.2880e-02  9.7150e-01  8.9000e+01
 6.7012e+01  1.2104e-16  1.6745e-20  6.2923e-01 -2.1860e-02  9.7149e-01  8.9000e+01
 6.8032e+01  1.1725e-16  1.5767e-20  6.0951e-01 -2.0841e-02  9.7147e-01  8.9000e+01
 6.9068e+01  1.1357e-16  1.4846e-20  5.9040e-01 -1.9822e-02  9.7145e-01  8.9000e+01
 7.0120e+01  1.1001e-16  1.3978e-20  5.7189e-01 -1.8793e-02  9.7144e-01  8.9000e+01
 7.1187e+01  1.0654e-16  1.3160e-20  5.5385e-01 -1.7687e-02  9.7148e-01  8.9000e+01
 7.2271e+01  1.0318e-16  1.2389e-20  5.3639e-01 -1.6580e-02  9.7152e-01  8.9000e+01
 7.3372e+01  9.9927e-17  1.1663e-20  5.1947e-01 -1.5474e-02  9.7156e-01  8.9000e+01
 7.4489e+01  9.6775e-17  1.0980e-20  5.0309e-01 -1.4368e-02  9.7159e-01  8.9000e+01
 7.5623e+01  9.3709e-17  1.0336e-20  4.8716e-01 -1.3220e-02  9.7166e-01  8.9000e+01
 7.6774e+01  9.0729e-17  9.7297e-21  4.7167e-01 -1.2038e-02  9.7174e-01  8.9000e+01
 7.7943e+01  8.7844e-17  9.1587e-21  4.5667e-01 -1.0857e-02  9.7183e-01  8.9000e+01
 7.9130e+01  8.5051e-17  8.6213e-21  4.4216e-01 -9.6749e-03  9.7192e-01  8.9000e+01
 8.0335e+01  8.2346e-17  8.1151e-21  4.2809e-01 -8.4817e-03  9.7207e-01  8.9069e+01
 8.1558e+01  7.9724e-17  7.6379e-21  4.1446e-01 -7.2587e-03  9.7239e-01  8.9318e+01
 8.2800e+01  7.7186e-17  7.1887e-21  4.0126e-01 -6.0357e-03  9.7271e-01  8.9567e+01
 8.4061e+01  7.4728e-17  6.7660e-21  3.8848e-01 -4.8127e-03  9.7303e-01  8.9817e+01
 8.5341e+01  7.2349e-17  6.3678e-21  3.7612e-01 -3.6173e-03  9.7342e-01  9.0000e+01
 8.6640e+01  7.0046e-17  5.9924e-21  3.6414e-01 -2.4985e-03  9.7403e-01  9.0000e+01
 8.7959e+01  6.7817e-17  5.6391e-21  3.5255e-01 -1.3798e-03  9.7463e-01  9.0000e+01
 8.9299e+01  6.5658e-17  5.3066e-21  3.4133e-01 -2.6099e-04  9.7524e-01  9.0000e+01
 9.0658e+01  6.3577e-17  4.9935e-21  3.3051e-01  7.7270e-04  9.7590e-01  9.0000e+01
 9.2039e+01  6.1570e-17  4.6985e-21  3.2008e-01  1.7150e-03  9.7664e-01  9.0000e+01
 9.3440e+01  5.9626e-17  4.4210e-21  3.0997e-01  2.6574e-03  9.7737e-01  9.0000e+01
 9.4863e+01  5.7744e-17  4.1598e-21  3.0019e-01  3.5997e-03  9.7810e-01  9.0000e+01
 9.6307e+01  5.5922e-17  3.9139e-21  2.9072e-01  4.4585e-03  9.7890e-01  9.0000e+01
 9.7774e+01  5.4158e-17  3.6825e-21  2.8154e-01  5.3084e-03  9.7971e-01  9.0000e+01
 9.9262e+01  5.2449e-17  3.4648e-21  2.7266e-01  6.1583e-03  9.8051e-01  9.0000e+01
 1.0077e+02  5.0798e-17  3.2597e-21  2.6408e-01  6.9271e-03  9.8146e-01  9.0000e+01
 1.0231e+02  4.9202e-17  3.0666e-21  2.5578e-01  7.6181e-03  9.8255e-01  9.0000e+01
 1.0387e+02  4.7657e-17  2.8849e-21  2.4775e-01  8.3092e-03  9.8363e-01  9.0000e+01
 1.0545e+02  4.6166e-17  2.7138e-21  2.4000e-01  8.8997e-03  9.8479e-01  9.0091e+01
 1.0705e+02  4.4740e-17  2.5526e-21  2.3258e-01  9.2337e-03  9.8614e-01  9.0416e+01
 1.0868e+02  4.3357e-17  2.4010e-21  2.2540e-01  9.5676e-03  9.8749e-01  9.0741e+01
 1.1034e+02  4.2029e-17  2.2584e-21  2.1849e-01  9.7689e-03  9.8881e-01  9.0965e+01
 1.1202e+02  4.0786e-17  2.1243e-21  2.1203e-01  9.4494e-03  9.9000e-01  9.0791e+01
 1.1372e+02  3.9580e-17  1.9982e-21  2.0576e-01  9.1299e-03  9.9118e-01  9.0617e+01
 1.1546e+02  3.8409e-17  1.8796e-21  1.9967e-01  8.8104e-03  9.9237e-01  9.0444e+01
 1.1721e+02  3.7273e-17  1.7680e-21  1.9377e-01  8.4908e-03  9.9356e-01  9.0270e+01
 1.1900e+02  3.6171e-17  1.6630e-21  1.8804e-01  8.1713e-03  9.9474e-01  9.0096e+01
 1.2081e+02  3.5127e-17  1.5646e-21  1.8261e-01  7.6678e-03  9.9564e-01  9.0000e+01
 1.2265e+02  3.4145e-17  1.4724e-21  1.7751e-01  6.9349e-03  9.9618e-01  9.0000e+01
 1.2452e+02  3.3191e-17  1.3856e-21  1.7255e-01  6.2020e-03  9.9672e-01  9.0000e+01
 1.2641e+02  3.2264e-17  1.3039e-21  1.6773e-01  5.4690e-03  9.9727e-01  9.0000e+01
 1.2834e+02  3.1362e-17  1.2271e-21  1.6304e-01  4.7361e-03  9.9781e-01  9.0000e+01
 1.3029e+02  3.0486e-17  1.1548e-21  1.5848e-01  4.0130e-03  9.9829e-01  9.0000e+01
 1.3228e+02  2.9637e-17  1.0873e-21  1.5407e-01  3.3463e-03  9.9846e-01  9.0000e+01
 1.3429e+02  2.8812e-17  1.0237e-21  1.4978e-01  2.6796e-03  9.9863e-01  9.0000e+01
 1.3633e+02  2.8010e-17  9.6377e-22  1.4561e-01  2.0129e-03  9.9880e-01  9.0000e+01
 1.3841e+02  2.7230e-17  9.0738e-22  1.4156e-01  1.3462e-03  9.9896e-01  9.0000e+01
 1.4052e+02  2.6453e-17  8.5433e-22  1.3752e-01  7.1585e-04  9.9910e-01  9.0000e+01
 1.4266e+02  2.5644e-17  8.0445e-22  1.3331e-01  1.9817e-04  9.9914e-01  9.0000e+01
 1.4483e+02  2.4859e-17  7.5749e-22  1.2923e-01 -3.1950e-04  9.9918e-01  9.0000e+01
 1.4703e+02  2.4099e-17  7.1327e-22  1.2528e-01 -8.3718e-04  9.9922e-01  9.0000e+01
 1.4927e+02  2.3361e-17  6.7163e-22  1.2145e-01 -1.3549e-03  9.9926e-01  9.0000e+01
 1.5155e+02  2.2628e-17  6.3229e-22  1.1763e-01 -1.7023e-03  9.9926e-01  9.0000e+01
 1.5385e+02  2.1909e-17  5.9519e-22  1.1390e-01 -1.9692e-03  9.9924e-01  9.0000e+01
 1.5620e+02  2.1213e-17  5.6027e-22  1.1028e-01 -2.2360e-03  9.9922e-01  9.0000e+01
 1.5857e+02  2.0539e-17  5.2740e-22  1.0678e-01 -2.5029e-03  9.9920e-01  9.0000e+01
 1.6099e+02  1.9887e-17  4.9646e-22  1.0338e-01 -2.7698e-03  9.9918e-01  9.0000e+01
 1.6344e+02  1.9255e-17  4.6733e-22  1.0010e-01 -3.0366e-03  9.9916e-01  9.0000e+01
 1.6593e+02  1.8643e-17  4.3991e-22  9.6920e-02 -3.3035e-03  9.9914e-01  9.0000e+01
 1.6846e+02  1.8051e-17  4.1410e-22  9.3841e-02 -3.5703e-03  9.9912e-01  9.0000e+01
 1.7102e+02  1.7478e-17  3.8981e-22  9.0860e-02 -3.8372e-03  9.9911e-01  9.0000e+01
 1.7362e+02  1.6922e-17  3.6694e-22  8.7973e-02 -4.1041e-03  9.9909e-01  9.0000e+01
 1.7627e+02  1.6385e-17  3.4541e-22  8.5179e-02 -4.3709e-03  9.9907e-01  9.0000e+01
 1.7895e+02  1.5864e-17  3.2514e-22  8.2473e-02 -4.6378e-03  9.9905e-01  9.0000e+01
 1.8168e+02  1.5360e-17  3.0607e-22  7.9853e-02 -4.9046e-03  9.9903e-01  9.0000e+01
 1.8444e+02  1.4872e-17  2.8811e-22  7.7316e-02 -5.1715e-03  9.9901e-01  9.0000e+01
 1.8725e+02  1.4400e-17  2.7121e-22  7.4860e-02 -5.4384e-03  9.9899e-01  9.0000e+01
 1.9010e+02  1.3943e-17  2.5530e-22  7.2482e-02 -5.7052e-03  9.9897e-01  9.0000e+01
 1.9300e+02  1.3500e-17  2.4032e-22  7.0179e-02 -5.9721e-03  9.9895e-01  9.0000e+01
 1.9594e+02  1.3071e-17  2.2622e-22  6.7950e-02 -6.2390e-03  9.9894e-01  9.0000e+01
 1.9892e+02  1.2656e-17  2.1295e-22  6.5791e-02 -6.5058e-03  9.9892e-01  9.0000e+01
 2.0195e+02  1.2265e-17  2.0045e-22  6.3763e-02 -6.6542e-03  9.9890e-01  9.0000e+01
 2.0502e+02  1.1894e-17  1.8868e-22  6.1830e-02 -6.7364e-03  9.9888e-01  9.0000e+01
 2.0814e+02  1.1533e-17  1.7761e-22  5.9957e-02 -6.8186e-03  9.9887e-01  9.0000e+01
 2.1131e+02  1.1184e-17  1.6718e-22  5.8139e-02 -6.9008e-03  9.9885e-01  9.0000e+01
 2.1453e+02  1.0845e-17  1.5737e-22  5.6378e-02 -6.9830e-03  9.9884e-01  9.0000e+01
 2.1780e+02  1.0516e-17  1.4813e-22  5.4669e-02 -7.0652e-03  9.9882e-01  9.0000e+01
 2.2111e+02  1.0197e-17  1.3943e-22  5.3012e-02 -7.1473e-03  9.9881e-01  9.0000e+01
 2.2448e+02  9.8883e-18  1.3125e-22  5.1406e-02 -7.2295e-03  9.9879e-01  9.0000e+01
 2.2790e+02  9.5886e-18  1.2355e-22  4.9848e-02 -7.3117e-03  9.9878e-01  9.0000e+01
 2.3137e+02  9.2980e-18  1.1629e-22  4.8337e-02 -7.3939e-03  9.9876e-01  9.0000e+01
 2.3489e+02  9.0162e-18  1.0947e-22  4.6872e-02 -7.4761e-03  9.9874e-01  9.0000e+01
 2.3847e+02  8.7430e-18  1.0304e-22  4.5452e-02 -7.5583e-03  9.9873e-01  9.0000e+01
 2.4210e+02  8.4780e-18  9.6992e-23  4.4074e-02 -7.6405e-03  9.9871e-01  9.0000e+01
 2.4579e+02  8.2211e-18  9.1299e-23  4.2738e-02 -7.7226e-03  9.9870e-01  9.0000e+01
 2.4953e+02  7.9719e-18  8.5939e-23  4.1443e-02 -7.8048e-03  9.9868e-01  9.0000e+01
 2.5333e+02  7.7334e-18  8.0894e-23  4.0203e-02 -7.8238e-03  9.9867e-01  9.0000e+01
 2.5718e+02  7.5024e-18  7.6146e-23  3.9002e-02 -7.8337e-03  9.9867e-01  9.0000e+01
 2.6110e+02  7.2784e-18  7.1676e-23  3.7838e-02 -7.8436e-03  9.9866e-01  9.0000e+01
 2.6508e+02  7.0610e-18  6.7468e-23  3.6708e-02 -7.8535e-03  9.9866e-01  9.0000e+01
 2.6911e+02  6.8501e-18  6.3507e-23  3.5611e-02 -7.8634e-03  9.9865e-01  9.0000e+01
 2.7321e+02  6.6456e-18  5.9779e-23  3.4548e-02 -7.8733e-03  9.9865e-01  9.0000e+01
 2.7737e+02  6.4471e-18  5.6270e-23  3.3516e-02 -7.8833e-03  9.9864e-01  9.0000e+01
 2.8159e+02  6.2546e-18  5.2967e-23  3.2515e-02 -7.8932e-03  9.9863e-01  9.0000e+01
 2.8588e+02  6.0678e-18  4.9857e-23  3.1544e-02 -7.9031e-03  9.9863e-01  9.0000e+01
 2.9023e+02  5.8866e-18  4.6931e-23  3.0602e-02 -7.9130e-03  9.9862e-01  9.0000e+01
 2.9465e+02  5.7108e-18  4.4176e-23  2.9688e-02 -7.9229e-03  9.9862e-01  9.0000e+01
 2.9914e+02  5.5402e-18  4.1582e-23  2.8801e-02 -7.9328e-03  9.9861e-01  9.0000e+01
 3.0369e+02  5.3758e-18  3.9142e-23  2.7947e-02 -7.9022e-03  9.9861e-01  9.0000e+01
 3.0832e+02  5.2165e-18  3.6845e-23  2.7119e-02 -7.8620e-03  9.9862e-01  9.0000e+01
 3.1301e+02  5.0619e-18  3.4683e-23  2.6315e-02 -7.8219e-03  9.9862e-01  9.0000e+01
 3.1778e+02  4.9119e-18  3.2648e-23  2.5535e-02 -7.7817e-03  9.9863e-01  9.0000e+01
 3.2262e+02  4.7664e-18  3.0732e-23  2.4779e-02 -7.7416e-03  9.9863e-01  9.0000e+01
 3.2753e+02  4.6251e-18  2.8929e-23  2.4044e-02 -7.7014e-03  9.9863e-01  9.0000e+01
 3.3252e+02  4.4881e-18  2.7231e-23  2.3332e-02 -7.6613e-03  9.9864e-01  9.0000e+01
 3.3758e+02  4.3551e-18  2.5633e-23  2.2641e-02 -7.6211e-03  9.9864e-01  9.0000e+01
 3.4272e+02  4.2260e-18  2.4129e-23  2.1970e-02 -7.5810e-03  9.9865e-01  9.0000e+01
 3.4794e+02  4.1008e-18  2.2713e-23  2.1319e-02 -7.5408e-03  9.9865e-01  9.0000e+01
 3.5324e+02  3.9793e-18  2.1380e-23  2.0687e-02 -7.5006e-03  9.9866e-01  9.0000e+01
 3.5862e+02  3.8614e-18  2.0126e-23  2.0074e-02 -7.4605e-03  9.9866e-01  9.0000e+01
 3.6408e+02  3.7470e-18  1.8945e-23  1.9479e-02 -7.4203e-03  9.9866e-01  9.0000e+01
 3.6962e+02  3.6359e-18  1.7833e-23  1.8902e-02 -7.3802e-03  9.9867e-01  9.0000e+01
 3.7525e+02  3.5282e-18  1.6787e-23  1.8342e-02 -7.3400e-03  9.9867e-01  9.0000e+01
 3.8096e+02  3.4236e-18  1.5802e-23  1.7799e-02 -7.2999e-03  9.9868e-01  9.0000e+01
 3.8676e+02  3.3222e-18  1.4874e-23  1.7271e-02 -7.2597e-03  9.9868e-01  9.0000e+01
 3.9265e+02  3.2237e-18  1.4001e-23  1.6759e-02 -7.2196e-03  9.9868e-01  9.0000e+01
 3.9863e+02  3.1282e-18  1.3180e-23  1.6263e-02 -7.1794e-03  9.9869e-01  9.0000e+01
 4.0470e+02  3.0358e-18  1.2407e-23  1.5782e-02 -7.1151e-03  9.9870e-01  9.0000e+01
 4.1086e+02  2.9461e-18  1.1679e-23  1.5316e-02 -7.0437e-03  9.9871e-01  9.0000e+01
 4.1712e+02  2.8591e-18  1.0993e-23  1.4864e-02 -6.9722e-03  9.9872e-01  9.0000e+01
 4.2347e+02  2.7747e-18  1.0348e-23  1.4425e-02 -6.9008e-03  9.9873e-01  9.0000e+01
 4.2992e+02  2.6927e-18  9.7413e-24  1.3999e-02 -6.8293e-03  9.9874e-01  9.0000e+01
 4.3646e+02  2.6132e-18  9.1698e-24  1.3585e-02 -6.7579e-03  9.9875e-01  9.0000e+01
 4.4311e+02  2.5361e-18  8.6318e-24  1.3184e-02 -6.6865e-03  9.9876e-01  9.0000e+01
 4.4985e+02  2.4612e-18  8.1253e-24  1.2795e-02 -6.6150e-03  9.9877e-01  9.0000e+01
 4.5670e+02  2.3885e-18  7.6486e-24  1.2417e-02 -6.5436e-03  9.9878e-01  9.0000e+01
 4.6366e+02  2.3179e-18  7.1999e-24  1.2050e-02 -6.4721e-03  9.9879e-01  9.0000e+01
 4.7072e+02  2.2495e-18  6.7774e-24  1.1694e-02 -6.4007e-03  9.9880e-01  9.0000e+01
 4.7788e+02  2.1831e-18  6.3798e-24  1.1349e-02 -6.3293e-03  9.9881e-01  9.0000e+01
 4.8516e+02  2.1186e-18  6.0055e-24  1.1014e-02 -6.2578e-03  9.9882e-01  9.0000e+01
 4.9255e+02  2.0560e-18  5.6531e-24  1.0689e-02 -6.1864e-03  9.9883e-01  9.0000e+01
 5.0005e+02  1.9953e-18  5.3215e-24  1.0373e-02 -6.1149e-03  9.9884e-01  9.0000e+01
 5.0766e+02  1.9364e-18  5.0092e-24  1.0067e-02 -6.0338e-03  9.9885e-01  9.0000e+01
 5.1539e+02  1.8793e-18  4.7153e-24  9.7699e-03 -5.9527e-03  9.9887e-01  9.0000e+01
 5.2324e+02  1.8239e-18  4.4387e-24  9.4816e-03 -5.8715e-03  9.9888e-01  9.0000e+01
 5.3121e+02  1.7700e-18  4.1782e-24  9.2018e-03 -5.7904e-03  9.9890e-01  9.0000e+01
 5.3929e+02  1.7178e-18  3.9331e-24  8.9302e-03 -5.7093e-03  9.9891e-01  9.0000e+01
 5.4751e+02  1.6671e-18  3.7023e-24  8.6667e-03 -5.6282e-03  9.9892e-01  9.0000e+01
 5.5584e+02  1.6179e-18  3.4851e-24  8.4110e-03 -5.5471e-03  9.9894e-01  9.0000e+01
 5.6431e+02  1.5702e-18  3.2806e-24  8.1628e-03 -5.4660e-03  9.9895e-01  9.0000e+01
 5.7290e+02  1.5239e-18  3.0881e-24  7.9219e-03 -5.3848e-03  9.9897e-01  9.0000e+01
 5.8162e+02  1.4789e-18  2.9070e-24  7.6881e-03 -5.3037e-03  9.9898e-01  9.0000e+01
 5.9048e+02  1.4353e-18  2.7364e-24  7.4613e-03 -5.2226e-03  9.9899e-01  9.0000e+01
 5.9947e+02  1.3929e-18  2.5758e-24  7.2411e-03 -5.1415e-03  9.9901e-01  9.0000e+01
 6.0860e+02  1.3518e-18  2.4247e-24  7.0274e-03 -5.0604e-03  9.9902e-01  9.0000e+01
 6.1786e+02  1.3119e-18  2.2825e-24  6.8201e-03 -4.9793e-03  9.9904e-01  9.0000e+01
 6.2727e+02  1.2732e-18  2.1485e-24  6.6188e-03 -4.8982e-03  9.9905e-01  9.0000e+01
 6.3682e+02  1.2356e-18  2.0225e-24  6.4235e-03 -4.8170e-03  9.9906e-01  9.0000e+01
 6.4652e+02  1.1992e-18  1.9038e-24  6.2339e-03 -4.7359e-03  9.9908e-01  9.0000e+01
 6.5636e+02  1.1638e-18  1.7921e-24  6.0500e-03 -4.6548e-03  9.9909e-01  9.0000e+01
 6.6636e+02  1.1295e-18  1.6870e-24  5.8715e-03 -4.5737e-03  9.9910e-01  9.0000e+01
 6.7650e+02  1.0961e-18  1.5880e-24  5.6982e-03 -4.4926e-03  9.9912e-01  9.0000e+01
 6.8680e+02  1.0638e-18  1.4948e-24  5.5300e-03 -4.4115e-03  9.9913e-01  9.0000e+01
 6.9726e+02  1.0324e-18  1.4071e-24  5.3669e-03 -4.3304e-03  9.9915e-01  9.0000e+01
 7.0788e+02  1.0019e-18  1.3246e-24  5.2083e-03 -4.2569e-03  9.9916e-01  9.0000e+01
 7.1865e+02  9.7226e-19  1.2469e-24  5.0542e-03 -4.1862e-03  9.9917e-01  9.0000e+01
 7.2960e+02  9.4351e-19  1.1737e-24  4.9048e-03 -4.1155e-03  9.9919e-01  9.0000e+01
 7.4071e+02  9.1561e-19  1.1048e-24  4.7598e-03 -4.0448e-03  9.9920e-01  9.0000e+01
 7.5198e+02  8.8854e-19  1.0400e-24  4.6190e-03 -3.9741e-03  9.9921e-01  9.0000e+01
 7.6343e+02  8.6226e-19  9.7902e-25  4.4824e-03 -3.9034e-03  9.9923e-01  9.0000e+01
 7.7506e+02  8.3677e-19  9.2158e-25  4.3499e-03 -3.8327e-03  9.9924e-01  9.0000e+01
 7.8686e+02  8.1202e-19  8.6752e-25  4.2213e-03 -3.7620e-03  9.9925e-01  9.0000e+01
 7.9884e+02  7.8801e-19  8.1662e-25  4.0964e-03 -3.6913e-03  9.9926e-01  9.0000e+01
 8.1100e+02  7.6471e-19  7.6871e-25  3.9753e-03 -3.6206e-03  9.9928e-01  9.0000e+01
 8.2335e+02  7.4210e-19  7.2362e-25  3.8578e-03 -3.5499e-03  9.9929e-01  9.0000e+01
 8.3589e+02  7.2015e-19  6.8117e-25  3.7437e-03 -3.4792e-03  9.9930e-01  9.0000e+01
 8.4862e+02  6.9886e-19  6.4120e-25  3.6330e-03 -3.4085e-03  9.9932e-01  9.0000e+01
 8.6154e+02  6.7819e-19  6.0359e-25  3.5256e-03 -3.3377e-03  9.9933e-01  9.0000e+01
 8.7466e+02  6.5814e-19  5.6818e-25  3.4213e-03 -3.2670e-03  9.9934e-01  9.0000e+01
 8.8797e+02  6.3868e-19  5.3484e-25  3.3201e-03 -3.1963e-03  9.9936e-01  9.0000e+01
 9.0150e+02  6.1979e-19  5.0347e-25  3.2220e-03 -3.1256e-03  9.9937e-01  9.0000e+01
 9.1522e+02  6.0147e-19  4.7393e-25  3.1267e-03 -3.0549e-03  9.9938e-01  9.0000e+01
 9.2916e+02  5.8368e-19  4.4613e-25  3.0342e-03 -2.9842e-03  9.9940e-01  9.0000e+01
 9.4330e+02  5.6642e-19  4.1995e-25  2.9445e-03 -2.9135e-03  9.9941e-01  9.0000e+01
 9.5767e+02  5.4967e-19  3.9532e-25  2.8574e-03 -2.8428e-03  9.9942e-01  9.0000e+01
 9.7225e+02  5.3342e-19  3.7213e-25  2.7730e-03 -2.7721e-03  9.9944e-01  9.0000e+01
 9.8705e+02  5.1765e-19  3.5029e-25  2.6910e-03 -2.7014e-03  9.9945e-01  9.0000e+01
 1.0021e+03  5.0449e-19  3.3250e-25  2.6117e-03 -2.6404e-03  9.9946e-01  9.0000e+01
 1.0173e+03  5.0499e-19  3.3250e-25  2.5364e-03 -2.6404e-03  9.9946e-01  9.0000e+01
 1.0328e+03  5.0549e-19  3.3250e-25  2.4633e-03 -2.6404e-03  9.9946e-01  9.0000e+01
 1.0486e+03  5.0599e-19  3.3250e-25  2.3923e-03 -2.6404e-03  9.9946e-01  9.0000e+01
 1.0645e+03  5.0649e-19  3.3250e-25  2.3233e-03 -2.6404e-03  9.9946e-01  9.0000e+01
 1.0807e+03  5.0700e-19  3.3250e-25  2.2564e-03 -2.6404e-03  9.9946e-01  9.0000e+01
 1.0972e+03  5.0750e-19  3.3250e-25  2.1913e-03 -2.6404e-03  9.9946e-01  9.0000e+01
 1.1139e+03  5.0800e-19  3.3250e-25  2.1282e-03 -2.6404e-03  9.9946e-01  9.0000e+01
 1.1309e+03  5.0851e-19  3.3250e-25  2.0668e-03 -2.6404e-03  9.9946e-01  9.0000e+01
 1.1481e+03  5.0901e-19  3.3250e-25  2.0072e-03 -2.6404e-03  9.9946e-01  9.0000e+01
 1.1656e+03  5.0951e-19  3.3250e-25  1.9494e-03 -2.6404e-03  9.9946e-01  9.0000e+01
 1.1833e+03  5.1002e-19  3.3250e-25  1.8932e-03 -2.6404e-03  9.9946e-01  9.0000e+01
 1.2013e+03  5.1053e-19  3.3250e-25  1.8386e-03 -2.6404e-03  9.9946e-01  9.0000e+01
 1.2196e+03  5.1103e-19  3.3250e-25  1.7856e-03 -2.6404e-03  9.9946e-01  9.0000e+01
 1.2382e+03  5.1154e-19  3.3250e-25  1.7342e-03 -2.6404e-03  9.9946e-01  9.0000e+01
 1.2570e+03  5.1205e-19  3.3250e-25  1.6842e-03 -2.6404e-03  9.9946e-01  9.0000e+01
 1.2762e+03  5.1255e-19  3.3250e-25  1.6356e-03 -2.6404e-03  9.9946e-01  9.0000e+01
 1.2956e+03  5.1306e-19  3.3250e-25  1.5885e-03 -2.6404e-03  9.9946e-01  9.0000e+01
 1.3153e+03  5.1357e-19  3.3250e-25  1.5427e-03 -2.6404e-03  9.9946e-01  9.0000e+01
 1.3354e+03  5.1408e-19  3.3250e-25  1.4982e-03 -2.6404e-03  9.9946e-01  9.0000e+01
 1.3557e+03  5.1459e-19  3.3250e-25  1.4550e-03 -2.6404e-03  9.9946e-01  9.0000e+01
 1.3763e+03  5.1510e-19  3.3250e-25  1.4131e-03 -2.6404e-03  9.9946e-01  9.0000e+01
 1.3973e+03  5.1561e-19  3.3250e-25  1.3724e-03 -2.6404e-03  9.9946e-01  9.0000e+01
 1.4186e+03  5.1612e-19  3.3250e-25  1.3328e-03 -2.6404e-03  9.9946e-01  9.0000e+01
 1.4402e+03  5.1664e-19  3.3250e-25  1.2944e-03 -2.6404e-03  9.9946e-01  9.0000e+01
 1.4621e+03  5.1715e-19  3.3250e-25  1.2571e-03 -2.6404e-03  9.9946e-01  9.0000e+01
 1.4844e+03  5.1766e-19  3.3250e-25  1.2209e-03 -2.6404e-03  9.9946e-01  9.0000e+01
 1.5070e+03  5.1817e-19  3.3250e-25  1.1857e-03 -2.6404e-03  9.9946e-01  9.0000e+01
 1.5299e+03  5.1869e-19  3.3250e-25  1.1515e-03 -2.6404e-03  9.9946e-01  9.0000e+01
 1.5532e+03  5.1920e-19  3.3250e-25  1.1183e-03 -2.6404e-03  9.9946e-01  9.0000e+01
 1.5768e+03  5.1972e-19  3.3250e-25  1.0861e-03 -2.6404e-03  9.9946e-01  9.0000e+01
 1.6009e+03  5.2023e-19  3.3250e-25  1.0548e-03 -2.6404e-03  9.9946e-01  9.0000e+01
 1.6252e+03  5.2075e-19  3.3250e-25  1.0244e-03 -2.6404e-03  9.9946e-01  9.0000e+01
 1.6500e+03  5.2127e-19  3.3250e-25  9.9483e-04 -2.6404e-03  9.9946e-01  9.0000e+01
 1.6751e+03  5.2178e-19  3.3250e-25  9.6616e-04 -2.6404e-03  9.9946e-01  9.0000e+01
 1.7006e+03  5.2230e-19  3.3250e-25  9.3831e-04 -2.6404e-03  9.9946e-01  9.0000e+01
 1.7265e+03  5.2282e-19  3.3250e-25  9.1127e-04 -2.6404e-03  9.9946e-01  9.0000e+01
 1.7528e+03  5.2334e-19  3.3250e-25  8.8500e-04 -2.6404e-03  9.9946e-01  9.0000e+01
 1.7795e+03  5.2386e-19  3.3250e-25  8.5949e-04 -2.6404e-03  9.9946e-01  9.0000e+01
 1.8066e+03  5.2438e-19  3.3250e-25  8.3472e-04 -2.6404e-03  9.9946e-01  9.0000e+01
 1.8341e+03  5.2490e-19  3.3250e-25  8.1066e-04 -2.6404e-03  9.9946e-01  9.0000e+01
 1.8620e+03  5.2542e-19  3.3250e-25  7.8729e-04 -2.6404e-03  9.9946e-01  9.0000e+01
 1.8904e+03  5.2594e-19  3.3250e-25  7.6460e-04 -2.6404e-03  9.9946e-01  9.0000e+01
 1.9191e+03  5.2646e-19  3.3250e-25  7.4256e-04 -2.6404e-03  9.9946e-01  9.0000e+01
 1.9484e+03  5.2698e-19  3.3250e-25  7.2116e-04 -2.6404e-03  9.9946e-01  9.0000e+01
 1.9780e+03  5.2750e-19  3.3250e-25  7.0037e-04 -2.6404e-03  9.9946e-01  9.0000e+01
 2.0081e+03  5.2803e-19  3.3250e-25  6.8018e-04 -2.6404e-03  9.9946e-01  9.0000e+01
 2.0387e+03  5.2855e-19  3.3250e-25  6.6058e-04 -2.6404e-03  9.9946e-01  9.0000e+01
 2.0698e+03  5.2908e-19  3.3250e-25  6.4154e-04 -2.6404e-03  9.9946e-01  9.0000e+01
 2.1013e+03  5.2960e-19  3.3250e-25  6.2304e-04 -2.6404e-03  9.9946e-01  9.0000e+01
 2.1333e+03  5.3013e-19  3.3250e-25  6.0509e-04 -2.6404e-03  9.9946e-01  9.0000e+01
 2.1658e+03  5.3065e-19  3.3250e-25  5.8764e-04 -2.6404e-03  9.9946e-01  9.0000e+01
 2.1987e+03  5.3118e-19  3.3250e-25  5.7071e-04 -2.6404e-03  9.9946e-01  9.0000e+01
 2.2322e+03  5.3170e-19  3.3250e-25  5.5426e-04 -2.6404e-03  9.9946e-01  9.0000e+01
 2.2662e+03  5.3223e-19  3.3250e-25  5.3828e-04 -2.6404e-03  9.9946e-01  9.0000e+01
 2.3007e+03  5.3276e-19  3.3250e-25  5.2277e-04 -2.6404e-03  9.9946e-01  9.0000e+01
 2.3357e+03  5.3329e-19  3.3250e-25  5.0770e-04 -2.6404e-03  9.9946e-01  9.0000e+01
 2.3713e+03  5.3382e-19  3.3250e-25  4.9306e-04 -2.6404e-03  9.9946e-01  9.0000e+01
 2.4074e+03  5.3435e-19  3.3250e-25  4.7885e-04 -2.6404e-03  9.9946e-01  9.0000e+01
 2.4441e+03  5.3488e-19  3.3250e-25  4.6505e-04 -2.6404e-03  9.9946e-01  9.0000e+01
 2.4813e+03  5.3541e-19  3.3250e-25  4.5164e-04 -2.6404e-03  9.9946e-01  9.0000e+01
 2.5191e+03  5.3594e-19  3.3250e-25  4.3863e-04 -2.6404e-03  9.9946e-01  9.0000e+01
 2.5574e+03  5.3647e-19  3.3250e-25  4.2598e-04 -2.6404e-03  9.9946e-01  9.0000e+01
 2.5964e+03  5.3700e-19  3.3250e-25  4.1370e-04 -2.6404e-03  9.9946e-01  9.0000e+01
 2.6359e+03  5.3753e-19  3.3250e-25  4.0178e-04 -2.6404e-03  9.9946e-01  9.0000e+01
 2.6760e+03  5.3807e-19  3.3250e-25  3.9020e-04 -2.6404e-03  9.9946e-01  9.0000e+01
 2.7168e+03  5.3860e-19  3.3250e-25  3.7895e-04 -2.6404e-03  9.9946e-01  9.0000e+01
 2.7581e+03  5.3913e-19  3.3250e-25  3.6803e-04 -2.6404e-03  9.9946e-01  9.0000e+01
 2.8001e+03  5.3967e-19  3.3250e-25  3.5742e-04 -2.6404e-03  9.9946e-01  9.0000e+01
 2.8428e+03  5.4020e-19  3.3250e-25  3.4712e-04 -2.6404e-03  9.9946e-01  9.0000e+01
 2.8861e+03  5.4074e-19  3.3250e-25  3.3711e-04 -2.6404e-03  9.9946e-01  9.0000e+01
 2.9300e+03  5.4128e-19  3.3250e-25  3.2740e-04 -2.6404e-03  9.9946e-01  9.0000e+01
 2.9746e+03  5.4181e-19  3.3250e-25  3.1796e-04 -2.6404e-03  9.9946e-01  9.0000e+01
 3.0199e+03  5.4235e-19  3.3250e-25  3.0880e-04 -2.6404e-03  9.9946e-01  9.0000e+01
 3.0659e+03  5.4289e-19  3.3250e-25  2.9989e-04 -2.6404e-03  9.9946e-01  9.0000e+01
 3.1126e+03  5.4343e-19  3.3250e-25  2.9125e-04 -2.6404e-03  9.9946e-01  9.0000e+01
 3.1600e+03  5.4397e-19  3.3250e-25  2.8286e-04 -2.6404e-03  9.9946e-01  9.0000e+01
 3.2081e+03  5.4451e-19  3.3250e-25  2.7470e-04 -2.6404e-03  9.9946e-01  9.0000e+01
 3.2569e+03  5.4505e-19  3.3250e-25  2.6678e-04 -2.6404e-03  9.9946e-01  9.0000e+01
 3.3065e+03  5.4559e-19  3.3250e-25  2.5909e-04 -2.6404e-03  9.9946e-01  9.0000e+01
 3.3569e+03  5.4613e-19  3.3250e-25  2.5163e-04 -2.6404e-03  9.9946e-01  9.0000e+01
 3.4080e+03  5.4667e-19  3.3250e-25  2.4437e-04 -2.6404e-03  9.9946e-01  9.0000e+01
 3.4599e+03  5.4721e-19  3.3250e-25  2.3733e-04 -2.6404e-03  9.9946e-01  9.0000e+01
 3.5125e+03  5.4775e-19  3.3250e-25  2.3049e-04 -2.6404e-03  9.9946e-01  9.0000e+01
 3.5660e+03  5.4830e-19  3.3250e-25  2.2385e-04 -2.6404e-03  9.9946e-01  9.0000e+01
 3.6203e+03  5.4884e-19  3.3250e-25  2.1739e-04 -2.6404e-03  9.9946e-01  9.0000e+01
 3.6754e+03  5.4939e-19  3.3250e-25  2.1113e-04 -2.6404e-03  9.9946e-01  9.0000e+01
 3.7314e+03  5.4993e-19  3.3250e-25  2.0504e-04 -2.6404e-03  9.9946e-01  9.0000e+01
 3.7882e+03  5.5048e-19  3.3250e-25  1.9913e-04 -2.6404e-03  9.9946e-01  9.0000e+01
 3.8459e+03  5.5102e-19  3.3250e-25  1.9339e-04 -2.6404e-03  9.9946e-01  9.0000e+01
 3.9045e+03  5.5157e-19  3.3250e-25  1.8782e-04 -2.6404e-03  9.9946e-01  9.0000e+01
 3.9639e+03  5.5212e-19  3.3250e-25  1.8240e-04 -2.6404e-03  9.9946e-01  9.0000e+01
 4.0243e+03  5.5266e-19  3.3250e-25  1.7715e-04 -2.6404e-03  9.9946e-01  9.0000e+01
 4.0855e+03  5.5321e-19  3.3250e-25  1.7204e-04 -2.6404e-03  9.9946e-01  9.0000e+01
 4.1478e+03  5.5376e-19  3.3250e-25  1.6708e-04 -2.6404e-03  9.9946e-01  9.0000e+01
 4.2109e+03  5.5431e-19  3.3250e-25  1.6227e-04 -2.6404e-03  9.9946e-01  9.0000e+01
 4.2750e+03  5.5486e-19  3.3250e-25  1.5759e-04 -2.6404e-03  9.9946e-01  9.0000e+01
 4.3401e+03  5.5541e-19  3.3250e-25  1.5305e-04 -2.6404e-03  9.9946e-01  9.0000e+01
 4.4062e+03  5.5596e-19  3.3250e-25  1.4863e-04 -2.6404e-03  9.9946e-01  9.0000e+01
 4.4733e+03  5.5651e-19  3.3250e-25  1.4435e-04 -2.6404e-03  9.9946e-01  9.0000e+01
 4.5414e+03  5.5706e-19  3.3250e-25  1.4019e-04 -2.6404e-03  9.9946e-01  9.0000e+01
 4.6106e+03  5.5762e-19  3.3250e-25  1.3615e-04 -2.6404e-03  9.9946e-01  9.0000e+01
 4.6808e+03  5.5817e-19  3.3250e-25  1.3222e-04 -2.6404e-03  9.9946e-01  9.0000e+01
 4.7520e+03  5.5872e-19  3.3250e-25  1.2841e-04 -2.6404e-03  9.9946e-01  9.0000e+01
 4.8244e+03  5.5928e-19  3.3250e-25  1.2471e-04 -2.6404e-03  9.9946e-01  9.0000e+01
 4.8978e+03  5.5983e-19  3.3250e-25  1.2112e-04 -2.6404e-03  9.9946e-01  9.0000e+01
 4.9724e+03  5.6039e-19  3.3250e-25  1.1763e-04 -2.6404e-03  9.9946e-01  9.0000e+01
 5.0481e+03  5.6094e-19  3.3250e-25  1.1424e-04 -2.6404e-03  9.9946e-01  9.0000e+01
 5.1250e+03  5.6150e-19  3.3250e-25  1.1094e-04 -2.6404e-03  9.9946e-01  9.0000e+01
 5.2030e+03  5.6206e-19  3.3250e-25  1.0775e-04 -2.6404e-03  9.9946e-01  9.0000e+01
 5.2822e+03  5.6261e-19  3.3250e-25  1.0464e-04 -2.6404e-03  9.9946e-01  9.0000e+01
 5.3627e+03  5.6317e-19  3.3250e-25  1.0162e-04 -2.6404e-03  9.9946e-01  9.0000e+01
 5.4443e+03  5.6373e-19  3.3250e-25  9.8694e-05 -2.6404e-03  9.9946e-01  9.0000e+01
 5.5272e+03  5.6429e-19  3.3250e-25  9.5849e-05 -2.6404e-03  9.9946e-01  9.0000e+01
 5.6114e+03  5.6485e-19  3.3250e-25  9.3087e-05 -2.6404e-03  9.9946e-01  9.0000e+01
 5.6968e+03  5.6541e-19  3.3250e-25  9.0404e-05 -2.6404e-03  9.9946e-01  9.0000e+01
 5.7836e+03  5.6597e-19  3.3250e-25  8.7798e-05 -2.6404e-03  9.9946e-01  9.0000e+01
 5.8716e+03  5.6653e-19  3.3250e-25  8.5267e-05 -2.6404e-03  9.9946e-01  9.0000e+01
 5.9610e+03  5.6709e-19  3.3250e-25  8.2809e-05 -2.6404e-03  9.9946e-01  9.0000e+01
 6.0518e+03  5.6766e-19  3.3251e-25  8.0423e-05 -2.6403e-03  9.9946e-01  9.0000e+01
 6.1439e+03  5.6822e-19  3.3251e-25  7.8104e-05 -2.6403e-03  9.9946e-01  9.0000e+01
 6.2375e+03  5.6878e-19  3.3251e-25  7.5853e-05 -2.6403e-03  9.9946e-01  9.0000e+01
 6.3325e+03  5.6935e-19  3.3251e-25  7.3667e-05 -2.6403e-03  9.9946e-01  9.0000e+01
 6.4289e+03  5.6991e-19  3.3251e-25  7.1543e-05 -2.6403e-03  9.9946e-01  9.0000e+01
 6.5268e+03  5.7048e-19  3.3251e-25  6.9481e-05 -2.6403e-03  9.9946e-01  9.0000e+01
 6.6262e+03  5.7104e-19  3.3251e-25  6.7479e-05 -2.6403e-03  9.9946e-01  9.0000e+01
 6.7270e+03  5.7161e-19  3.3251e-25  6.5534e-05 -2.6403e-03  9.9946e-01  9.0000e+01
 6.8295e+03  5.7218e-19  3.3251e-25  6.3645e-05 -2.6403e-03  9.9946e-01  9.0000e+01
 6.9335e+03  5.7274e-19  3.3251e-25  6.1810e-05 -2.6403e-03  9.9946e-01  9.0000e+01
 7.0390e+03  5.7331e-19  3.3251e-25  6.0029e-05 -2.6403e-03  9.9946e-01  9.0000e+01
 7.1462e+03  5.7388e-19  3.3251e-25  5.8298e-05 -2.6403e-03  9.9946e-01  9.0000e+01
 7.2550e+03  5.7445e-19  3.3251e-25  5.6618e-05 -2.6403e-03  9.9946e-01  9.0000e+01
 7.3655e+03  5.7502e-19  3.3251e-25  5.4986e-05 -2.6403e-03  9.9946e-01  9.0000e+01
 7.4776e+03  5.7559e-19  3.3251e-25  5.3401e-05 -2.6403e-03  9.9946e-01  9.0000e+01
 7.5915e+03  5.7616e-19  3.3251e-25  5.1862e-05 -2.6403e-03  9.9946e-01  9.0000e+01
 7.7071e+03  5.7673e-19  3.3251e-25  5.0367e-05 -2.6403e-03  9.9946e-01  9.0000e+01
 7.8244e+03  5.7730e-19  3.3251e-25  4.8915e-05 -2.6403e-03  9.9946e-01  9.0000e+01
 7.9436e+03  5.7788e-19  3.3251e-25  4.7505e-05 -2.6403e-03  9.9946e-01  9.0000e+01
 8.0645e+03  5.7845e-19  3.3251e-25  4.6136e-05 -2.6403e-03  9.9946e-01  9.0000e+01
 8.1873e+03  5.7902e-19  3.3251e-25  4.4806e-05 -2.6403e-03  9.9946e-01  9.0000e+01
 8.3120e+03  5.7960e-19  3.3251e-25  4.3515e-05 -2.6403e-03  9.9946e-01  9.0000e+01
 8.4385e+03  5.8017e-19  3.3251e-25  4.2260e-05 -2.6403e-03  9.9946e-01  9.0000e+01
 8.5670e+03  5.8075e-19  3.3251e-25  4.1042e-05 -2.6403e-03  9.9946e-01  9.0000e+01
 8.6975e+03  5.8132e-19  3.3251e-25  3.9859e-05 -2.6403e-03  9.9946e-01  9.0000e+01
 8.8299e+03  5.8190e-19  3.3251e-25  3.8710e-05 -2.6403e-03  9.9946e-01  9.0000e+01
 8.9644e+03  5.8248e-19  3.3251e-25  3.7595e-05 -2.6403e-03  9.9946e-01  9.0000e+01
 9.1008e+03  5.8306e-19  3.3251e-25  3.6511e-05 -2.6403e-03  9.9946e-01  9.0000e+01
 9.2394e+03  5.8363e-19  3.3251e-25  3.5459e-05 -2.6403e-03  9.9946e-01  9.0000e+01
 9.3801e+03  5.8421e-19  3.3251e-25  3.4437e-05 -2.6403e-03  9.9946e-01  9.0000e+01
 9.5229e+03  5.8479e-19  3.3251e-25  3.3444e-05 -2.6403e-03  9.9946e-01  9.0000e+01
 9.6679e+03  5.8537e-19  3.3251e-25  3.2480e-05 -2.6403e-03  9.9946e-01  9.0000e+01
 9.8151e+03  5.8595e-19  3.3251e-25  3.1544e-05 -2.6403e-03  9.9946e-01  9.0000e+01
 9.9646e+03  5.8653e-19  3.3251e-25  3.0635e-05 -2.6403e-03  9.9946e-01  9.0000e+01
 1.0116e+04  5.8712e-19  3.3251e-25  2.9752e-05 -2.6403e-03  9.9946e-01  9.0000e+01
 1.0270e+04  5.8770e-19  3.3251e-25  2.8894e-05 -2.6403e-03  9.9946e-01  9.0000e+01
 1.0427e+04  5.8828e-19  3.3251e-25  2.8061e-05 -2.6403e-03  9.9946e-01  9.0000e+01
 1.0585e+04  5.8886e-19  3.3251e-25  2.7252e-05 -2.6403e-03  9.9946e-01  9.0000e+01
 1.0747e+04  5.8945e-19  3.3251e-25  2.6467e-05 -2.6403e-03  9.9946e-01  9.0000e+01
 1.0910e+04  5.9003e-19  3.3251e-25  2.5704e-05 -2.6403e-03  9.9946e-01  9.0000e+01
 1.1076e+04  5.9062e-19  3.3251e-25  2.4963e-05 -2.6403e-03  9.9946e-01  9.0000e+01
 1.1245e+04  5.9120e-19  3.3251e-25  2.4243e-05 -2.6403e-03  9.9946e-01  9.0000e+01
 1.1416e+04  5.9179e-19  3.3251e-25  2.3545e-05 -2.6403e-03  9.9946e-01  9.0000e+01
 1.1590e+04  5.9238e-19  3.3251e-25  2.2866e-05 -2.6403e-03  9.9946e-01  9.0000e+01
 1.1767e+04  5.9296e-19  3.3251e-25  2.2207e-05 -2.6403e-03  9.9946e-01  9.0000e+01
 1.1946e+04  5.9355e-19  3.3251e-25  2.1567e-05 -2.6403e-03  9.9946e-01  9.0000e+01
 1.2128e+04  5.9414e-19  3.3251e-25  2.0945e-05 -2.6403e-03  9.9946e-01  9.0000e+01
 1.2312e+04  5.9473e-19  3.3251e-25  2.0342e-05 -2.6403e-03  9.9946e-01  9.0000e+01
 1.2500e+04  5.9532e-19  3.3251e-25  1.9755e-05 -2.6403e-03  9.9946e-01  9.0000e+01
 1.2690e+04  5.9591e-19  3.3251e-25  1.9186e-05 -2.6403e-03  9.9946e-01  9.0000e+01
 1.2883e+04  5.9650e-19  3.3251e-25  1.8633e-05 -2.6403e-03  9.9946e-01  9.0000e+01
 1.3079e+04  5.9709e-19  3.3251e-25  1.8096e-05 -2.6403e-03  9.9946e-01  9.0000e+01
 1.3279e+04  5.9769e-19  3.3251e-25  1.7574e-05 -2.6403e-03  9.9946e-01  9.0000e+01
 1.3481e+04  5.9828e-19  3.3251e-25  1.7068e-05 -2.6403e-03  9.9946e-01  9.0000e+01
 1.3686e+04  5.9887e-19  3.3251e-25  1.6576e-05 -2.6403e-03  9.9946e-01  9.0000e+01
 1.3894e+04  5.9947e-19  3.3251e-25  1.6098e-05 -2.6403e-03  9.9946e-01  9.0000e+01
 1.4106e+04  6.0006e-19  3.3251e-25  1.5634e-05 -2.6403e-03  9.9946e-01  9.0000e+01
 1.4321e+04  6.0066e-19  3.3251e-25  1.5183e-05 -2.6403e-03  9.9946e-01  9.0000e+01
 1.4539e+04  6.0125e-19  3.3251e-25  1.4746e-05 -2.6403e-03  9.9946e-01  9.0000e+01
 1.4760e+04  6.0185e-19  3.3251e-25  1.4321e-05 -2.6403e-03  9.9946e-01  9.0000e+01
 1.4985e+04  6.0245e-19  3.3251e-25  1.3908e-05 -2.6403e-03  9.9946e-01  9.0000e+01
 1.5213e+04  6.0304e-19  3.3251e-25  1.3507e-05 -2.6403e-03  9.9946e-01  9.0000e+01
 1.5445e+04  6.0364e-19  3.3251e-25  1.3118e-05 -2.6403e-03  9.9946e-01  9.0000e+01
 1.5680e+04  6.0424e-19  3.3251e-25  1.2739e-05 -2.6403e-03  9.9946e-01  9.0000e+01
 1.5919e+04  6.0484e-19  3.3251e-25  1.2372e-05 -2.6403e-03  9.9946e-01  9.0000e+01
 1.6161e+04  6.0544e-19  3.3251e-25  1.2016e-05 -2.6403e-03  9.9946e-01  9.0000e+01
 1.6407e+04  6.0604e-19  3.3251e-25  1.1669e-05 -2.6403e-03  9.9946e-01  9.0000e+01
 1.6657e+04  6.0664e-19  3.3251e-25  1.1333e-05 -2.6403e-03  9.9946e-01  9.0000e+01
 1.6911e+04  6.0724e-19  3.3251e-25  1.1006e-05 -2.6403e-03  9.9946e-01  9.0000e+01
 1.7168e+04  6.0784e-19  3.3251e-25  1.0689e-05 -2.6403e-03  9.9946e-01  9.0000e+01
 1.7430e+04  6.0845e-19  3.3251e-25  1.0381e-05 -2.6403e-03  9.9946e-01  9.0000e+01
 1.7695e+04  6.0905e-19  3.3251e-25  1.0082e-05 -2.6403e-03  9.9946e-01  9.0000e+01
 1.7964e+04  6.0965e-19  3.3251e-25  9.7911e-06 -2.6403e-03  9.9946e-01  9.0000e+01
 1.8238e+04  6.1026e-19  3.3251e-25  9.5089e-06 -2.6403e-03  9.9946e-01  9.0000e+01
 1.8516e+04  6.1086e-19  3.3251e-25  9.2348e-06 -2.6403e-03  9.9946e-01  9.0000e+01
 1.8797e+04  6.1147e-19  3.3251e-25  8.9686e-06 -2.6403e-03  9.9946e-01  9.0000e+01
 1.9084e+04  6.1208e-19  3.3251e-25  8.7101e-06 -2.6403e-03  9.9946e-01  9.0000e+01
 1.9374e+04  6.1268e-19  3.3251e-25  8.4591e-06 -2.6403e-03  9.9946e-01  9.0000e+01
 1.9669e+04  6.1329e-19  3.3251e-25  8.2152e-06 -2.6403e-03  9.9946e-01  9.0000e+01
 1.9969e+04  6.1390e-19  3.3251e-25  7.9785e-06 -2.6403e-03  9.9946e-01  9.0000e+01
 2.0273e+04  6.1451e-19  3.3251e-25  7.7485e-06 -2.6403e-03  9.9946e-01  9.0000e+01
 2.0581e+04  6.1512e-19  3.3251e-25  7.5251e-06 -2.6403e-03  9.9946e-01  9.0000e+01
 2.0895e+04  6.1573e-19  3.3251e-25  7.3082e-06 -2.6403e-03  9.9946e-01  9.0000e+01
 2.1213e+04  6.1634e-19  3.3251e-25  7.0976e-06 -2.6403e-03  9.9946e-01  9.0000e+01
 2.1536e+04  6.1695e-19  3.3251e-25  6.8930e-06 -2.6403e-03  9.9946e-01  9.0000e+01
 2.1864e+04  6.1756e-19  3.3251e-25  6.6943e-06 -2.6403e-03  9.9946e-01  9.0000e+01
 2.2197e+04  6.1818e-19  3.3251e-25  6.5014e-06 -2.6403e-03  9.9946e-01  9.0000e+01
 2.2535e+04  6.1879e-19  3.3251e-25  6.3140e-06 -2.6403e-03  9.9946e-01  9.0000e+01
 2.2878e+04  6.1940e-19  3.3251e-25  6.1320e-06 -2.6403e-03  9.9946e-01  9.0000e+01
 2.3226e+04  6.2002e-19  3.3251e-25  5.9552e-06 -2.6403e-03  9.9946e-01  9.0000e+01
 2.3580e+04  6.2063e-19  3.3251e-25  5.7836e-06 -2.6403e-03  9.9946e-01  9.0000e+01
 2.3939e+04  6.2125e-19  3.3251e-25  5.6169e-06 -2.6403e-03  9.9946e-01  9.0000e+01
 2.4303e+04  6.2186e-19  3.3251e-25  5.4550e-06 -2.6403e-03  9.9946e-01  9.0000e+01
 2.4674e+04  6.2248e-19  3.3251e-25  5.2977e-06 -2.6403e-03  9.9946e-01  9.0000e+01
 2.5049e+04  6.2310e-19  3.3251e-25  5.1450e-06 -2.6403e-03  9.9946e-01  9.0000e+01
 2.5431e+04  6.2372e-19  3.3251e-25  4.9967e-06 -2.6403e-03  9.9946e-01  9.0000e+01
 2.5818e+04  6.2433e-19  3.3251e-25  4.8527e-06 -2.6403e-03  9.9946e-01  9.0000e+01
 2.6211e+04  6.2495e-19  3.3251e-25  4.7128e-06 -2.6403e-03  9.9946e-01  9.0000e+01
 2.6610e+04  6.2557e-19  3.3251e-25  4.5770e-06 -2.6403e-03  9.9946e-01  9.0000e+01
 2.7015e+04  6.2619e-19  3.3251e-25  4.4451e-06 -2.6403e-03  9.9946e-01  9.0000e+01
 2.7427e+04  6.2681e-19  3.3251e-25  4.3169e-06 -2.6403e-03  9.9946e-01  9.0000e+01
 2.7844e+04  6.2744e-19  3.3251e-25  4.1925e-06 -2.6403e-03  9.9946e-01  9.0000e+01
 2.8268e+04  6.2806e-19  3.3251e-25  4.0717e-06 -2.6403e-03  9.9946e-01  9.0000e+01
 2.8699e+04  6.2868e-19  3.3251e-25  3.9543e-06 -2.6403e-03  9.9946e-01  9.0000e+01
 2.9135e+04  6.2931e-19  3.3251e-25  3.8403e-06 -2.6403e-03  9.9946e-01  9.0000e+01
 2.9579e+04  6.2993e-19  3.3251e-25  3.7296e-06 -2.6403e-03  9.9946e-01  9.0000e+01
 3.0030e+04  6.3055e-19  3.3251e-25  3.6221e-06 -2.6403e-03  9.9946e-01  9.0000e+01
 3.0487e+04  6.3118e-19  3.3251e-25  3.5177e-06 -2.6403e-03  9.9946e-01  9.0000e+01
 3.0951e+04  6.3181e-19  3.3251e-25  3.4163e-06 -2.6403e-03  9.9946e-01  9.0000e+01
 3.1422e+04  6.3243e-19  3.3251e-25  3.3179e-06 -2.6403e-03  9.9946e-01  9.0000e+01
 3.1901e+04  6.3306e-19  3.3251e-25  3.2222e-06 -2.6403e-03  9.9946e-01  9.0000e+01
 3.2386e+04  6.3369e-19  3.3251e-25  3.1294e-06 -2.6403e-03  9.9946e-01  9.0000e+01
 3.2880e+04  6.3432e-19  3.3251e-25  3.0392e-06 -2.6403e-03  9.9946e-01  9.0000e+01
 3.3380e+04  6.3494e-19  3.3251e-25  2.9516e-06 -2.6403e-03  9.9946e-01  9.0000e+01
 3.3888e+04  6.3557e-19  3.3251e-25  2.8665e-06 -2.6403e-03  9.9946e-01  9.0000e+01
 3.4404e+04  6.3621e-19  3.3251e-25  2.7839e-06 -2.6403e-03  9.9946e-01  9.0000e+01
 3.4928e+04  6.3684e-19  3.3251e-25  2.7036e-06 -2.6403e-03  9.9946e-01  9.0000e+01
 3.5460e+04  6.3747e-19  3.3251e-25  2.6257e-06 -2.6403e-03  9.9946e-01  9.0000e+01
 3.6000e+04  6.3810e-19  3.3251e-25  2.5500e-06 -2.6403e-03  9.9946e-01  9.0000e+01
