 5.0000e-02  1.9310e-13  7.0051e-14  8.0940e+02  7.5234e-01  9.0657e-01  8.5000e+01
 6.0000e-02  2.4684e-13  8.4201e-14  1.0347e+03  6.6533e-01  8.9828e-01  8.2000e+01
 8.0000e-02  3.4677e-13  1.0099e-13  1.4535e+03  5.5642e-01  8.2233e-01  8.2000e+01
 1.0000e-01  2.8835e-13  9.3826e-14  1.2086e+03  5.4440e-01  7.1330e-01  8.7000e+01
 1.2000e-01  2.0754e-13  7.7951e-14  8.6993e+02  6.0824e-01  5.6824e-01  9.3000e+01
 1.5000e-01  1.6089e-13  6.4840e-14  6.7438e+02  6.2184e-01  3.5144e-01  8.9000e+01
 2.0000e-01  1.5659e-13  6.7997e-14  6.5635e+02  5.5044e-01  3.4516e-01  8.9000e+01
 2.5000e-01  1.3393e-13  6.7464e-14  5.6139e+02  4.7493e-01  3.6880e-01  8.1000e+01
 3.0000e-01  1.0396e-13  5.4442e-14  4.3576e+02  4.8529e-01  3.4779e-01  9.0000e+01
 3.6000e-01  8.8781e-14  4.7122e-14  3.7214e+02  4.8893e-01  3.4903e-01  8.9000e+01
 4.4000e-01  7.5300e-14  4.0512e-14  3.1563e+02  4.7240e-01  3.7518e-01  9.4000e+01
 5.5000e-01  5.9617e-14  3.2541e-14  2.4989e+02  4.4850e-01  4.2015e-01  9.5000e+01
 7.0000e-01  4.3677e-14  2.3442e-14  1.8308e+02  4.1105e-01  4.9359e-01  9.6000e+01
 8.5000e-01  3.2638e-14  1.6939e-14  1.3681e+02  3.7846e-01  5.5254e-01  9.6000e+01
 1.0000e+00  2.4941e-14  1.2439e-14  1.0454e+02  3.5097e-01  5.9014e-01  9.6000e+01
 1.1500e+00  1.9535e-14  9.3503e-15  8.1884e+01  3.3022e-01  6.0808e-01  9.5000e+01
 1.3000e+00  1.5680e-14  7.2015e-15  6.5725e+01  3.1385e-01  6.1463e-01  9.5000e+01
 1.7000e+00  9.6215e-15  3.9830e-15  4.0330e+01  2.8281e-01  6.1227e-01  9.4000e+01
 2.0000e+00  7.1535e-15  2.7460e-15  2.9985e+01  2.6276e-01  6.1772e-01  9.3000e+01
 2.2000e+00  5.9950e-15  2.1932e-15  2.5129e+01  2.4847e-01  6.2646e-01  9.3000e+01
 2.7000e+00  4.0824e-15  1.2953e-15  1.7112e+01  2.1054e-01  6.6445e-01  9.2000e+01
 3.0000e+00  5.7729e-15  9.5802e-16  2.4198e+01  1.9539e-01  7.3867e-01  9.1000e+01
 3.1000e+00  5.0746e-15  9.7342e-16  2.1271e+01  1.8603e-01  7.4455e-01  9.1000e+01
 3.2000e+00  3.9392e-15  9.3068e-16  1.6512e+01  1.8470e-01  7.2657e-01  9.1000e+01
 3.3000e+00  3.2806e-15  8.5528e-16  1.3751e+01  1.7594e-01  7.2675e-01  9.1000e+01
 3.4000e+00  2.9289e-15  7.8195e-16  1.2277e+01  1.6693e-01  7.3301e-01  9.1000e+01
 3.5000e+00  2.7061e-15  7.1644e-16  1.1343e+01  1.5878e-01  7.4082e-01  9.0000e+01
 3.6000e+00  2.5425e-15  6.5814e-16  1.0657e+01  1.5092e-01  7.4894e-01  9.0000e+01
 3.7000e+00  2.4078e-15  6.0609e-16  1.0092e+01  1.4335e-01  7.5660e-01  9.0000e+01
 3.8000e+00  2.2888e-15  5.5955e-16  9.5938e+00  1.3639e-01  7.6375e-01  9.0000e+01
 3.9000e+00  2.1839e-15  5.1736e-16  9.1540e+00  1.2983e-01  7.7080e-01  9.0000e+01
 4.0000e+00  2.0894e-15  4.7946e-16  8.7579e+00  1.2364e-01  7.7761e-01  9.0000e+01
 4.1000e+00  2.0013e-15  4.4466e-16  8.3886e+00  1.1740e-01  7.8432e-01  8.9000e+01
 4.2000e+00  1.9215e-15  4.1286e-16  8.0544e+00  1.1125e-01  7.9060e-01  8.9000e+01
 4.3000e+00  1.8513e-15  3.8360e-16  7.7598e+00  1.0534e-01  7.9651e-01  8.9000e+01
 4.4000e+00  1.7928e-15  3.5699e-16  7.5149e+00  9.9893e-02  8.0225e-01  8.9000e+01
 4.5000e+00  1.7375e-15  3.3296e-16  7.2828e+00  9.4722e-02  8.0797e-01  8.9000e+01
 5.0000e+00  1.4073e-15  2.3650e-16  5.8987e+00  6.8449e-02  8.3209e-01  8.8000e+01
 5.5000e+00  1.2201e-15  1.6935e-16  5.1143e+00  4.4810e-02  8.5098e-01  8.7000e+01
 6.0000e+00  1.1649e-15  1.2377e-16  4.8828e+00  2.5454e-02  8.6537e-01  8.7000e+01
 6.5000e+00  1.0276e-15  9.2611e-17  4.3073e+00  8.2353e-03  8.7587e-01  8.6000e+01
 7.0000e+00  9.2992e-16  6.9057e-17  3.8978e+00 -8.4225e-03  8.8405e-01  8.6000e+01
 7.5000e+00  9.1908e-16  5.1254e-17  3.8524e+00 -2.5925e-02  8.8951e-01  8.5000e+01
 8.0000e+00  1.3514e-15  3.9144e-17  5.6645e+00 -3.9310e-02  8.9540e-01  8.5000e+01
 8.5000e+00  2.1944e-15  3.2929e-17  9.1981e+00 -4.0335e-02  9.0710e-01  8.5000e+01
 9.0000e+00  3.1226e-15  3.0020e-17  1.3089e+01 -3.3840e-02  9.2144e-01  8.5000e+01
 9.4000e+00  3.7907e-15  3.0305e-17  1.5889e+01 -2.2917e-02  9.3474e-01  8.6000e+01
 9.5500e+00  3.8053e-15  3.0003e-17  1.5950e+01 -2.0148e-02  9.3809e-01  8.6000e+01
 9.7000e+00  3.7156e-15  2.9243e-17  1.5575e+01 -1.8497e-02  9.4042e-01  8.6000e+01
 9.8500e+00  3.5982e-15  2.8221e-17  1.5082e+01 -1.7543e-02  9.4217e-01  8.6000e+01
 1.0000e+01  3.4883e-15  2.7142e-17  1.4621e+01 -1.6797e-02  9.4367e-01  8.7000e+01
 1.0500e+01  3.1345e-15  2.3911e-17  1.3139e+01 -1.2982e-02  9.4805e-01  8.7000e+01
 1.1000e+01  2.8097e-15  2.0389e-17  1.1777e+01 -9.6662e-03  9.5007e-01  8.7000e+01
 1.1100e+01  2.7608e-15  1.9910e-17  1.1572e+01 -9.1881e-03  9.5078e-01  8.7000e+01
 1.1200e+01  2.7005e-15  1.9434e-17  1.1320e+01 -8.9244e-03  9.5146e-01  8.7000e+01
 1.1300e+01  2.6332e-15  1.8957e-17  1.1037e+01 -8.7863e-03  9.5209e-01  8.7000e+01
 1.1400e+01  2.5721e-15  1.8382e-17  1.0781e+01 -9.3697e-03  9.5272e-01  8.7000e+01
 1.1500e+01  2.5079e-15  1.7879e-17  1.0512e+01 -9.5806e-03  9.5324e-01  8.7000e+01
 1.1600e+01  2.4217e-15  1.7630e-17  1.0151e+01 -8.1072e-03  9.5355e-01  8.7000e+01
 1.1700e+01  2.3494e-15  1.7181e-17  9.8479e+00 -8.0964e-03  9.5403e-01  8.7000e+01
 1.1800e+01  2.2786e-15  1.6686e-17  9.5510e+00 -8.4696e-03  9.5455e-01  8.7000e+01
 1.1900e+01  2.2026e-15  1.6210e-17  9.2323e+00 -8.6607e-03  9.5497e-01  8.8000e+01
 1.2000e+01  2.1233e-15  1.5715e-17  8.8999e+00 -8.9702e-03  9.5530e-01  8.8000e+01
 1.2100e+01  2.0461e-15  1.5215e-17  8.5764e+00 -9.3707e-03  9.5559e-01  8.8000e+01
 1.2200e+01  1.9737e-15  1.4723e-17  8.2732e+00 -9.8362e-03  9.5587e-01  8.8000e+01
 1.2300e+01  1.9065e-15  1.4249e-17  7.9914e+00 -1.0335e-02  9.5617e-01  8.8000e+01
 1.2400e+01  1.8432e-15  1.3795e-17  7.7259e+00 -1.0831e-02  9.5648e-01  8.8000e+01
 1.2500e+01  1.7791e-15  1.3345e-17  7.4572e+00 -1.1389e-02  9.5675e-01  8.7000e+01
 1.2600e+01  1.7146e-15  1.2899e-17  7.1869e+00 -1.2029e-02  9.5699e-01  8.7000e+01
 1.2700e+01  1.6534e-15  1.2457e-17  6.9304e+00 -1.2747e-02  9.5723e-01  8.7000e+01
 1.2800e+01  1.5927e-15  1.2015e-17  6.6759e+00 -1.3591e-02  9.5743e-01  8.7000e+01
 1.2900e+01  1.5341e-15  1.1583e-17  6.4305e+00 -1.4516e-02  9.5763e-01  8.7000e+01
 1.3000e+01  1.4812e-15  1.1171e-17  6.2086e+00 -1.5448e-02  9.5785e-01  8.7000e+01
 1.3100e+01  1.4317e-15  1.0768e-17  6.0013e+00 -1.6473e-02  9.5806e-01  8.7000e+01
 1.3200e+01  1.3846e-15  1.0376e-17  5.8038e+00 -1.7546e-02  9.5827e-01  8.7000e+01
 1.3300e+01  1.3396e-15  1.0000e-17  5.6151e+00 -1.8613e-02  9.5848e-01  8.7000e+01
 1.3400e+01  1.2958e-15  9.6300e-18  5.4316e+00 -1.9798e-02  9.5867e-01  8.7000e+01
 1.3500e+01  1.2547e-15  9.2662e-18  5.2591e+00 -2.1098e-02  9.5884e-01  8.7000e+01
 1.4000e+01  1.1056e-15  7.5958e-18  4.6343e+00 -2.8764e-02  9.5956e-01  8.7000e+01
 1.4500e+01  1.0676e-15  6.2848e-18  4.4751e+00 -3.6124e-02  9.6019e-01  8.6000e+01
 1.5000e+01  1.0964e-15  5.3395e-18  4.5955e+00 -4.0964e-02  9.6126e-01  8.6000e+01
 1.6000e+01  1.2245e-15  4.0854e-18  5.1326e+00 -4.5292e-02  9.6380e-01  8.6000e+01
 1.7000e+01  1.3715e-15  3.3676e-18  5.7490e+00 -4.4187e-02  9.6708e-01  8.6000e+01
 1.8000e+01  1.4502e-15  2.9027e-18  6.0786e+00 -4.0644e-02  9.7056e-01  8.7000e+01
 1.9000e+01  1.4321e-15  2.5358e-18  6.0029e+00 -3.6813e-02  9.7357e-01  8.7000e+01
 2.0000e+01  1.3227e-15  2.1796e-18  5.5443e+00 -3.4710e-02  9.7561e-01  8.7000e+01
 2.2000e+01  1.1088e-15  1.5336e-18  4.6475e+00 -3.4609e-02  9.7741e-01  8.7000e+01
 2.3000e+01  1.0252e-15  1.2907e-18  4.2974e+00 -3.4702e-02  9.7800e-01  8.7000e+01
 2.4000e+01  9.6189e-16  1.0939e-18  4.0319e+00 -3.4770e-02  9.7858e-01  8.7000e+01
 2.5000e+01  9.0701e-16  9.3419e-19  3.8018e+00 -3.4982e-02  9.7913e-01  8.7000e+01
 2.6000e+01  8.5797e-16  7.9931e-19  3.5963e+00 -3.5489e-02  9.7934e-01  8.7000e+01
 2.7000e+01  8.1574e-16  6.8829e-19  3.4193e+00 -3.5853e-02  9.7946e-01  8.7000e+01
 2.8000e+01  7.7923e-16  5.9645e-19  3.2662e+00 -3.6142e-02  9.7956e-01  8.8000e+01
 3.0000e+01  7.1867e-16  4.5486e-19  3.0124e+00 -3.6442e-02  9.7970e-01  8.8000e+01
 3.5000e+01  6.2365e-16  2.4653e-19  2.6141e+00 -3.6505e-02  9.7939e-01  8.8000e+01
 4.0000e+01  5.8998e-16  1.5181e-19  2.4730e+00 -3.4391e-02  9.7967e-01  8.8000e+01
 4.5000e+01  5.2494e-16  1.0332e-19  2.2004e+00 -3.2254e-02  9.8036e-01  8.8000e+01
 5.0000e+01  3.8996e-16  6.9625e-20  1.6345e+00 -3.1291e-02  9.7934e-01  8.8000e+01
 5.5000e+01  3.0889e-16  4.7888e-20  1.2948e+00 -2.8533e-02  9.7827e-01  8.8000e+01
 6.0000e+01  2.7182e-16  3.3323e-20  1.1394e+00 -2.4738e-02  9.7695e-01  8.8000e+01
 6.5000e+01  2.3315e-16  2.4815e-20  9.7727e-01 -2.0245e-02  9.7709e-01  8.9000e+01
 7.0000e+01  1.9167e-16  1.8534e-20  8.0342e-01 -1.6017e-02  9.7709e-01  8.9000e+01
 7.5000e+01  1.6176e-16  1.4047e-20  6.7803e-01 -1.1685e-02  9.7716e-01  8.9000e+01
 8.0000e+01  1.3795e-16  1.0824e-20  5.7822e-01 -7.3260e-03  9.7742e-01  9.0000e+01
 8.5000e+01  1.1988e-16  8.4575e-21  5.0251e-01 -3.0303e-03  9.7843e-01  9.0000e+01
 9.0000e+01  1.0597e-16  6.7075e-21  4.4419e-01  7.1186e-04  9.8023e-01  9.0000e+01
 9.5000e+01  9.4472e-17  5.3877e-21  3.9599e-01  3.6944e-03  9.8233e-01  9.0000e+01
 1.0000e+02  8.4852e-17  4.3771e-21  3.5567e-01  6.2487e-03  9.8454e-01  9.0000e+01
 1.0500e+02  7.6788e-17  3.5934e-21  3.2187e-01  8.2165e-03  9.8737e-01  9.0000e+01
 1.1000e+02  6.9919e-17  2.9761e-21  2.9307e-01  9.1003e-03  9.9070e-01  9.0000e+01
 1.2000e+02  5.9073e-17  2.0922e-21  2.4761e-01  7.3722e-03  9.9627e-01  9.0000e+01
 1.3000e+02  5.0878e-17  1.5170e-21  2.1326e-01  3.8316e-03  9.9860e-01  9.0000e+01
 1.4000e+02  4.4315e-17  1.1290e-21  1.8575e-01  8.6344e-04  9.9927e-01  9.0000e+01
 1.5000e+02  3.8479e-17  8.5798e-22  1.6129e-01 -1.2798e-03  9.9941e-01  9.0000e+01
 2.0000e+02  2.0065e-17  2.7141e-22  8.4104e-02 -5.8953e-03  9.9912e-01  9.0000e+01
 2.5000e+02  1.2409e-17  1.1084e-22  5.2015e-02 -7.0127e-03  9.9893e-01  9.0000e+01
 3.0000e+02  8.5435e-18  5.3347e-23  3.5811e-02 -7.1330e-03  9.9887e-01  9.0000e+01
 4.0000e+02  4.8287e-18  1.6855e-23  2.0240e-02 -6.4532e-03  9.9893e-01  9.0000e+01
 5.0000e+02  3.1077e-18  6.9003e-24  1.3026e-02 -5.5059e-03  9.9906e-01  9.0000e+01
 7.0000e+02  1.6009e-18  1.7952e-24  6.7105e-03 -3.8806e-03  9.9931e-01  9.0000e+01
 7.0511e+02  1.5781e-18  1.7437e-24  6.6149e-03 -3.8499e-03  9.9932e-01  9.0000e+01
 7.1027e+02  1.5556e-18  1.6936e-24  6.5206e-03 -3.8193e-03  9.9932e-01  9.0000e+01
 7.1545e+02  1.5334e-18  1.6450e-24  6.4277e-03 -3.7886e-03  9.9933e-01  9.0000e+01
 7.2068e+02  1.5116e-18  1.5978e-24  6.3362e-03 -3.7579e-03  9.9933e-01  9.0000e+01
 7.2595e+02  1.4901e-18  1.5520e-24  6.2459e-03 -3.7272e-03  9.9934e-01  9.0000e+01
 7.3125e+02  1.4688e-18  1.5074e-24  6.1569e-03 -3.6966e-03  9.9934e-01  9.0000e+01
 7.3659e+02  1.4479e-18  1.4641e-24  6.0692e-03 -3.6659e-03  9.9935e-01  9.0000e+01
 7.4197e+02  1.4273e-18  1.4221e-24  5.9827e-03 -3.6352e-03  9.9935e-01  9.0000e+01
 7.4739e+02  1.4069e-18  1.3813e-24  5.8975e-03 -3.6046e-03  9.9936e-01  9.0000e+01
 7.5285e+02  1.3869e-18  1.3417e-24  5.8134e-03 -3.5739e-03  9.9936e-01  9.0000e+01
 7.5835e+02  1.3671e-18  1.3032e-24  5.7306e-03 -3.5432e-03  9.9937e-01  9.0000e+01
 7.6389e+02  1.3477e-18  1.2658e-24  5.6489e-03 -3.5125e-03  9.9937e-01  9.0000e+01
 7.6947e+02  1.3285e-18  1.2294e-24  5.5685e-03 -3.4819e-03  9.9938e-01  9.0000e+01
 7.7510e+02  1.3095e-18  1.1941e-24  5.4891e-03 -3.4512e-03  9.9938e-01  9.0000e+01
 7.8076e+02  1.2909e-18  1.1599e-24  5.4109e-03 -3.4205e-03  9.9939e-01  9.0000e+01
 7.8646e+02  1.2725e-18  1.1266e-24  5.3338e-03 -3.3899e-03  9.9939e-01  9.0000e+01
 7.9221e+02  1.2543e-18  1.0942e-24  5.2578e-03 -3.3592e-03  9.9940e-01  9.0000e+01
 7.9800e+02  1.2365e-18  1.0628e-24  5.1829e-03 -3.3285e-03  9.9940e-01  9.0000e+01
 8.0383e+02  1.2189e-18  1.0323e-24  5.1091e-03 -3.2978e-03  9.9941e-01  9.0000e+01
 8.0970e+02  1.2015e-18  1.0027e-24  5.0363e-03 -3.2672e-03  9.9941e-01  9.0000e+01
 8.1561e+02  1.1844e-18  9.7393e-25  4.9645e-03 -3.2365e-03  9.9942e-01  9.0000e+01
 8.2157e+02  1.1675e-18  9.4598e-25  4.8938e-03 -3.2058e-03  9.9942e-01  9.0000e+01
 8.2757e+02  1.1509e-18  9.1883e-25  4.8241e-03 -3.1752e-03  9.9943e-01  9.0000e+01
 8.3362e+02  1.1345e-18  8.9246e-25  4.7553e-03 -3.1445e-03  9.9943e-01  9.0000e+01
 8.3971e+02  1.1183e-18  8.6684e-25  4.6876e-03 -3.1138e-03  9.9944e-01  9.0000e+01
 8.4585e+02  1.1024e-18  8.4197e-25  4.6208e-03 -3.0831e-03  9.9944e-01  9.0000e+01
 8.5202e+02  1.0867e-18  8.1780e-25  4.5549e-03 -3.0525e-03  9.9945e-01  9.0000e+01
 8.5825e+02  1.0712e-18  7.9433e-25  4.4901e-03 -3.0218e-03  9.9945e-01  9.0000e+01
 8.6452e+02  1.0559e-18  7.7153e-25  4.4261e-03 -2.9911e-03  9.9946e-01  9.0000e+01
 8.7084e+02  1.0409e-18  7.4939e-25  4.3630e-03 -2.9605e-03  9.9946e-01  9.0000e+01
 8.7720e+02  1.0260e-18  7.2788e-25  4.3009e-03 -2.9298e-03  9.9947e-01  9.0000e+01
 8.8361e+02  1.0114e-18  7.0699e-25  4.2396e-03 -2.8991e-03  9.9947e-01  9.0000e+01
 8.9006e+02  9.9702e-19  6.8670e-25  4.1792e-03 -2.8684e-03  9.9948e-01  9.0000e+01
 8.9656e+02  9.8281e-19  6.6699e-25  4.1196e-03 -2.8378e-03  9.9948e-01  9.0000e+01
 9.0311e+02  9.6881e-19  6.4785e-25  4.0609e-03 -2.8071e-03  9.9949e-01  9.0000e+01
 9.0971e+02  9.5501e-19  6.2925e-25  4.0031e-03 -2.7764e-03  9.9949e-01  9.0000e+01
 9.1636e+02  9.4140e-19  6.1119e-25  3.9460e-03 -2.7458e-03  9.9950e-01  9.0000e+01
 9.2305e+02  9.2799e-19  5.9365e-25  3.8898e-03 -2.7151e-03  9.9950e-01  9.0000e+01
 9.2980e+02  9.1477e-19  5.7661e-25  3.8344e-03 -2.6844e-03  9.9951e-01  9.0000e+01
 9.3659e+02  9.0173e-19  5.6007e-25  3.7798e-03 -2.6537e-03  9.9951e-01  9.0000e+01
 9.4343e+02  8.8889e-19  5.4399e-25  3.7259e-03 -2.6231e-03  9.9952e-01  9.0000e+01
 9.5032e+02  8.7622e-19  5.2838e-25  3.6728e-03 -2.5924e-03  9.9952e-01  9.0000e+01
 9.5727e+02  8.6374e-19  5.1321e-25  3.6205e-03 -2.5617e-03  9.9953e-01  9.0000e+01
 9.6426e+02  8.5143e-19  4.9848e-25  3.5689e-03 -2.5311e-03  9.9953e-01  9.0000e+01
 9.7130e+02  8.3930e-19  4.8418e-25  3.5181e-03 -2.5004e-03  9.9954e-01  9.0000e+01
 9.7840e+02  8.2734e-19  4.7028e-25  3.4679e-03 -2.4697e-03  9.9954e-01  9.0000e+01
 9.8555e+02  8.1555e-19  4.5678e-25  3.4185e-03 -2.4390e-03  9.9955e-01  9.0000e+01
 9.9275e+02  8.0393e-19  4.4367e-25  3.3698e-03 -2.4084e-03  9.9955e-01  9.0000e+01
 1.0000e+03  7.9248e-19  4.3094e-25  3.3218e-03 -2.3777e-03  9.9956e-01  9.0000e+01
