# Temperature =  3750.0 K   Log[g] =  3.5   Log[Z/H] =  0.0
      0.0091  0.0000E+00
      0.0093  0.0000E+00
      0.0096  0.0000E+00
      0.0098  0.0000E+00
      0.0100  0.0000E+00
      0.0102  0.0000E+00
      0.0104  0.0000E+00
      0.0106  0.0000E+00
      0.0108  0.0000E+00
      0.0110  0.0000E+00
      0.0114  0.0000E+00
      0.0118  0.0000E+00
      0.0121  0.0000E+00
      0.0125  0.0000E+00
      0.0127  0.0000E+00
      0.0128  0.0000E+00
      0.0131  0.0000E+00
      0.0132  0.0000E+00
      0.0134  0.0000E+00
      0.0137  0.0000E+00
      0.0140  0.0000E+00
      0.0143  0.0000E+00
      0.0147  0.0000E+00
      0.0151  0.0000E+00
      0.0155  0.0000E+00
      0.0159  0.0000E+00
      0.0162  0.0000E+00
      0.0166  0.0000E+00
      0.0170  0.0000E+00
      0.0173  0.0000E+00
      0.0177  0.0000E+00
      0.0180  0.0000E+00
      0.0182  0.0000E+00
      0.0186  0.0000E+00
      0.0191  0.0000E+00
      0.0194  0.0000E+00
      0.0198  0.0000E+00
      0.0202  0.0000E+00
      0.0205  0.0000E+00
      0.0211  0.0000E+00
      0.0216  0.0000E+00
      0.0220  0.0000E+00
      0.0223  0.0000E+00
      0.0227  0.0000E+00
      0.0230  0.0000E+00
      0.0234  0.0000E+00
      0.0240  0.0000E+00
      0.0247  0.0000E+00
      0.0252  0.0000E+00
      0.0257  0.0000E+00
      0.0260  0.0000E+00
      0.0264  0.0000E+00
      0.0269  0.0000E+00
      0.0273  0.0000E+00
      0.0279  0.0000E+00
      0.0284  0.0000E+00
      0.0290  0.0000E+00
      0.0296  0.0000E+00
      0.0301  0.0000E+00
      0.0308  0.0000E+00
      0.0318  0.0000E+00
      0.0328  0.0000E+00
      0.0338  0.0000E+00
      0.0348  0.0000E+00
      0.0357  0.0000E+00
      0.0366  0.0000E+00
      0.0375  0.0000E+00
      0.0385  0.0000E+00
      0.0395  0.0000E+00
      0.0405  0.0000E+00
      0.0414  0.0000E+00
      0.0422  0.0000E+00
      0.0430  0.0000E+00
      0.0441  0.0000E+00
      0.0451  0.0000E+00
      0.0460  0.0000E+00
      0.0470  0.0000E+00
      0.0480  0.0000E+00
      0.0490  0.0000E+00
      0.0500  0.0000E+00
      0.0506  0.0000E+00
      0.0512  0.0000E+00
      0.0520  0.0000E+00
      0.0530  0.0000E+00
      0.0540  0.0000E+00
      0.0550  0.0000E+00
      0.0560  0.0000E+00
      0.0570  0.0000E+00
      0.0580  0.0000E+00
      0.0590  0.0000E+00
      0.0600  0.0000E+00
      0.0610  0.0000E+00
      0.0620  0.0000E+00
      0.0630  0.0000E+00
      0.0640  0.0000E+00
      0.0650  0.0000E+00
      0.0658  0.0000E+00
      0.0665  0.0000E+00
      0.0675  0.0000E+00
      0.0685  0.0000E+00
      0.0695  0.0000E+00
      0.0705  0.0000E+00
      0.0716  0.0000E+00
      0.0726  0.0000E+00
      0.0735  0.0000E+00
      0.0745  0.0000E+00
      0.0755  0.0000E+00
      0.0765  0.0000E+00
      0.0775  0.0000E+00
      0.0785  0.0000E+00
      0.0795  0.0000E+00
      0.0805  0.0000E+00
      0.0815  0.0000E+00
      0.0825  0.0000E+00
      0.0835  0.0000E+00
      0.0845  0.0000E+00
      0.0855  0.0000E+00
      0.0865  0.0000E+00
      0.0875  0.0000E+00
      0.0885  0.0000E+00
      0.0895  0.0000E+00
      0.0905  0.0000E+00
      0.0915  0.0000E+00
      0.0925  0.0000E+00
      0.0935  0.0000E+00
      0.0945  0.0000E+00
      0.0955  0.0000E+00
      0.0965  0.0000E+00
      0.0975  0.0000E+00
      0.0985  0.0000E+00
      0.0995  0.0000E+00
      0.1005  0.0000E+00
      0.1015  0.0000E+00
      0.1025  0.0000E+00
      0.1035  0.0000E+00
      0.1045  0.0000E+00
      0.1055  0.0000E+00
      0.1065  0.0000E+00
      0.1075  0.0000E+00
      0.1085  0.0000E+00
      0.1095  0.0000E+00
      0.1105  0.0000E+00
      0.1115  0.0000E+00
      0.1125  0.0000E+00
      0.1135  0.0000E+00
      0.1145  0.0000E+00
      0.1155  0.0000E+00
      0.1165  0.0000E+00
      0.1175  0.0000E+00
      0.1185  0.0000E+00
      0.1195  0.0000E+00
      0.1205  0.0000E+00
      0.1215  0.0000E+00
      0.1225  0.0000E+00
      0.1235  0.0000E+00
      0.1245  0.0000E+00
      0.1255  0.0000E+00
      0.1265  0.0000E+00
      0.1275  0.0000E+00
      0.1285  0.0000E+00
      0.1295  0.0000E+00
      0.1305  0.0000E+00
      0.1315  0.0000E+00
      0.1325  0.0000E+00
      0.1335  0.0000E+00
      0.1345  0.0000E+00
      0.1355  0.0000E+00
      0.1365  0.0000E+00
      0.1375  0.0000E+00
      0.1385  0.0000E+00
      0.1395  0.0000E+00
      0.1405  0.0000E+00
      0.1415  0.0000E+00
      0.1425  0.0000E+00
      0.1435  0.0000E+00
      0.1442  0.0000E+00
      0.1447  0.0000E+00
      0.1455  0.0000E+00
      0.1465  0.0000E+00
      0.1475  0.0000E+00
      0.1485  0.0000E+00
      0.1495  0.0000E+00
      0.1505  0.0000E+00
      0.1512  0.0000E+00
      0.1517  0.0000E+00
      0.1525  2.8635E-17
      0.1535  5.0131E-17
      0.1545  3.6214E-17
      0.1555  5.7970E-17
      0.1565  5.2862E-17
      0.1575  1.0570E-16
      0.1585  1.1053E-16
      0.1595  1.0613E-16
      0.1605  1.1301E-16
      0.1615  1.1807E-16
      0.1625  1.1816E-16
      0.1635  1.6251E-16
      0.1645  2.2633E-16
      0.1655  1.9159E-16
      0.1665  3.1940E-16
      0.1672  2.6931E-16
      0.1677  4.3301E-16
      0.1685  5.7700E-16
      0.1695  8.4930E-16
      0.1705  9.0777E-16
      0.1715  1.0251E-15
      0.1725  1.4406E-15
      0.1735  1.6708E-15
      0.1745  2.3838E-15
      0.1755  2.4186E-15
      0.1765  3.0820E-15
      0.1775  2.9590E-15
      0.1785  5.6419E-15
      0.1795  4.6776E-15
      0.1805  8.3864E-15
      0.1815  6.1325E-15
      0.1825  1.0130E-14
      0.1835  9.0424E-15
      0.1845  1.4196E-14
      0.1855  1.1212E-14
      0.1865  1.9141E-14
      0.1875  1.8326E-14
      0.1885  2.3661E-14
      0.1895  2.9791E-14
      0.1905  3.2278E-14
      0.1915  4.6085E-14
      0.1925  4.0687E-14
      0.1935  2.9794E-14
      0.1945  5.9149E-14
      0.1955  8.3535E-14
      0.1967  9.2728E-14
      0.1976  1.0805E-13
      0.1984  1.3939E-13
      0.1995  1.2858E-13
      0.2005  1.5687E-13
      0.2015  1.8052E-13
      0.2025  1.7676E-13
      0.2035  2.2322E-13
      0.2045  2.3715E-13
      0.2055  2.8425E-13
      0.2065  2.8076E-13
      0.2074  2.5776E-13
      0.2078  3.5503E-13
      0.2085  4.4303E-13
      0.2095  6.2098E-13
      0.2105  6.8957E-13
      0.2115  7.1750E-13
      0.2125  8.5395E-13
      0.2135  1.0883E-12
      0.2145  8.4408E-13
      0.2155  1.0930E-12
      0.2165  1.0805E-12
      0.2175  1.1983E-12
      0.2185  1.1377E-12
      0.2195  1.8974E-12
      0.2205  1.6335E-12
      0.2215  1.9950E-12
      0.2225  1.7408E-12
      0.2235  2.8855E-12
      0.2245  3.3375E-12
      0.2255  4.1279E-12
      0.2265  2.4022E-12
      0.2275  4.7402E-12
      0.2285  4.5156E-12
      0.2295  7.4324E-12
      0.2305  2.9947E-12
      0.2315  9.7477E-12
      0.2325  7.9223E-12
      0.2335  1.2194E-11
      0.2345  7.7669E-12
      0.2355  7.1025E-12
      0.2365  9.5312E-12
      0.2375  9.4618E-12
      0.2385  1.5830E-11
      0.2395  1.5333E-11
      0.2405  2.7048E-11
      0.2415  1.7069E-11
      0.2425  2.1690E-11
      0.2435  3.2526E-11
      0.2445  4.3791E-11
      0.2455  5.1267E-11
      0.2465  3.4686E-11
      0.2475  6.0812E-11
      0.2485  2.7142E-11
      0.2495  3.0527E-11
      0.2505  5.6751E-11
      0.2513  4.2194E-11
      0.2518  5.0013E-11
      0.2525  6.1115E-11
      0.2535  1.1629E-10
      0.2545  1.4416E-10
      0.2555  1.5256E-10
      0.2565  9.1380E-11
      0.2575  1.3890E-10
      0.2585  1.0983E-10
      0.2595  1.3072E-10
      0.2605  1.7686E-10
      0.2615  1.6759E-10
      0.2625  2.4850E-10
      0.2635  3.5892E-10
      0.2645  2.9687E-10
      0.2655  3.9457E-10
      0.2665  3.6239E-10
      0.2675  3.3130E-10
      0.2685  4.3829E-10
      0.2695  3.3829E-10
      0.2705  5.3178E-10
      0.2715  5.3372E-10
      0.2725  4.8848E-10
      0.2735  5.0546E-10
      0.2745  7.0235E-10
      0.2755  6.7429E-10
      0.2765  9.1440E-10
      0.2775  1.1671E-09
      0.2785  8.4156E-10
      0.2795  1.1444E-09
      0.2805  1.1500E-09
      0.2815  1.2319E-09
      0.2825  1.2878E-09
      0.2835  1.1809E-09
      0.2845  9.9372E-10
      0.2855  5.6186E-10
      0.2865  1.4798E-09
      0.2875  1.5724E-09
      0.2885  2.3557E-09
      0.2895  2.6350E-09
      0.2910  3.1258E-09
      0.2930  3.4761E-09
      0.2950  3.6049E-09
      0.2970  3.6744E-09
      0.2990  4.4465E-09
      0.3010  4.9421E-09
      0.3030  6.1051E-09
      0.3050  7.3305E-09
      0.3070  8.0609E-09
      0.3090  8.4388E-09
      0.3110  1.2189E-08
      0.3130  1.2405E-08
      0.3150  1.9747E-08
      0.3170  3.0889E-08
      0.3190  2.3258E-08
      0.3210  3.1547E-08
      0.3230  3.2709E-08
      0.3250  5.1174E-08
      0.3270  7.4951E-08
      0.3290  1.0397E-07
      0.3310  8.3295E-08
      0.3330  9.6119E-08
      0.3350  9.0606E-08
      0.3370  5.9229E-08
      0.3390  7.8926E-08
      0.3410  9.7624E-08
      0.3430  1.0759E-07
      0.3450  9.7810E-08
      0.3470  1.0060E-07
      0.3490  1.4096E-07
      0.3510  2.0584E-07
      0.3530  1.9713E-07
      0.3550  3.0256E-07
      0.3570  1.3044E-07
      0.3590  1.1318E-07
      0.3610  1.8992E-07
      0.3630  2.8220E-07
      0.3640  3.1148E-07
      0.3650  3.6034E-07
      0.3670  4.9914E-07
      0.3690  3.8756E-07
      0.3710  2.9819E-07
      0.3730  1.2951E-07
      0.3750  1.7128E-07
      0.3770  4.3191E-07
      0.3790  4.9687E-07
      0.3810  4.3715E-07
      0.3830  1.8537E-07
      0.3850  3.1863E-07
      0.3870  3.0090E-07
      0.3890  3.3821E-07
      0.3910  4.8784E-07
      0.3930  1.7722E-07
      0.3950  3.2874E-07
      0.3970  2.4269E-07
      0.3990  8.3566E-07
      0.4010  1.2206E-06
      0.4030  9.2055E-07
      0.4050  1.0583E-06
      0.4070  1.0041E-06
      0.4090  1.4081E-06
      0.4110  9.2259E-07
      0.4130  1.0584E-06
      0.4150  1.0378E-06
      0.4170  1.0042E-06
      0.4190  1.0947E-06
      0.4210  8.7457E-07
      0.4230  4.3933E-07
      0.4250  9.9536E-07
      0.4270  1.0192E-06
      0.4290  1.0235E-06
      0.4310  1.2062E-06
      0.4330  1.7511E-06
      0.4350  1.8097E-06
      0.4370  1.9399E-06
      0.4390  1.6732E-06
      0.4410  1.7670E-06
      0.4430  1.7632E-06
      0.4450  1.9032E-06
      0.4470  2.0698E-06
      0.4490  2.2294E-06
      0.4510  2.5643E-06
      0.4530  2.0992E-06
      0.4550  2.3577E-06
      0.4570  2.7175E-06
      0.4590  2.3607E-06
      0.4610  2.5541E-06
      0.4630  2.3812E-06
      0.4650  2.3297E-06
      0.4670  2.5642E-06
      0.4690  2.4937E-06
      0.4710  2.4972E-06
      0.4730  2.4209E-06
      0.4750  2.5663E-06
      0.4770  1.6399E-06
      0.4790  1.9737E-06
      0.4810  2.0976E-06
      0.4830  2.3387E-06
      0.4850  2.5798E-06
      0.4870  2.7514E-06
      0.4890  3.0896E-06
      0.4910  3.2551E-06
      0.4930  3.3145E-06
      0.4950  3.1256E-06
      0.4970  1.9959E-06
      0.4990  2.2156E-06
      0.5010  1.7045E-06
      0.5030  2.1172E-06
      0.5050  2.1174E-06
      0.5070  2.2374E-06
      0.5090  2.2486E-06
      0.5110  2.4920E-06
      0.5130  2.4542E-06
      0.5150  2.3708E-06
      0.5170  2.0735E-06
      0.5190  1.9367E-06
      0.5210  2.4749E-06
      0.5230  3.9455E-06
      0.5250  3.8735E-06
      0.5270  3.7032E-06
      0.5290  4.6121E-06
      0.5310  5.2079E-06
      0.5330  4.5786E-06
      0.5350  5.1060E-06
      0.5370  4.9145E-06
      0.5390  5.0208E-06
      0.5410  5.1136E-06
      0.5430  5.1352E-06
      0.5450  4.4505E-06
      0.5470  4.0682E-06
      0.5490  4.5456E-06
      0.5510  4.1372E-06
      0.5530  4.9465E-06
      0.5550  5.3482E-06
      0.5570  5.4174E-06
      0.5590  5.0993E-06
      0.5610  4.0900E-06
      0.5630  4.3395E-06
      0.5650  4.8202E-06
      0.5670  4.7241E-06
      0.5690  5.4500E-06
      0.5710  5.3280E-06
      0.5730  6.2063E-06
      0.5750  6.5806E-06
      0.5770  6.1090E-06
      0.5790  6.3566E-06
      0.5810  6.6460E-06
      0.5830  6.9050E-06
      0.5850  6.3827E-06
      0.5870  5.5933E-06
      0.5890  3.3564E-06
      0.5910  4.5920E-06
      0.5930  5.0463E-06
      0.5950  5.2392E-06
      0.5970  5.4880E-06
      0.5990  5.9352E-06
      0.6010  6.1133E-06
      0.6030  6.8455E-06
      0.6050  7.2975E-06
      0.6070  7.6789E-06
      0.6090  7.9484E-06
      0.6110  8.0319E-06
      0.6130  7.7964E-06
      0.6150  8.2410E-06
      0.6170  5.4776E-06
      0.6190  5.7437E-06
      0.6210  5.6178E-06
      0.6230  4.8000E-06
      0.6250  5.2080E-06
      0.6270  6.0167E-06
      0.6290  6.5451E-06
      0.6310  7.0866E-06
      0.6330  7.5416E-06
      0.6350  7.9539E-06
      0.6370  7.9001E-06
      0.6390  8.2956E-06
      0.6410  8.4618E-06
      0.6430  8.0212E-06
      0.6450  8.2115E-06
      0.6470  8.7402E-06
      0.6490  8.2121E-06
      0.6510  8.9127E-06
      0.6530  9.5693E-06
      0.6550  9.2514E-06
      0.6570  9.3227E-06
      0.6590  9.4831E-06
      0.6610  9.4860E-06
      0.6630  9.2362E-06
      0.6650  8.6083E-06
      0.6670  8.1762E-06
      0.6690  7.1274E-06
      0.6710  7.3100E-06
      0.6730  6.3617E-06
      0.6750  6.6180E-06
      0.6770  7.4651E-06
      0.6790  6.8100E-06
      0.6810  7.4187E-06
      0.6830  8.0140E-06
      0.6850  8.3946E-06
      0.6870  8.5691E-06
      0.6890  9.4284E-06
      0.6910  1.0337E-05
      0.6930  1.0234E-05
      0.6950  1.1077E-05
      0.6970  1.2020E-05
      0.6990  1.2201E-05
      0.7010  1.2654E-05
      0.7030  1.3225E-05
      0.7050  1.2518E-05
      0.7070  9.3171E-06
      0.7090  8.5796E-06
      0.7110  8.3882E-06
      0.7130  7.1238E-06
      0.7150  7.0992E-06
      0.7170  7.7899E-06
      0.7190  8.9070E-06
      0.7210  8.5627E-06
      0.7230  9.9801E-06
      0.7250  1.0926E-05
      0.7270  1.1968E-05
      0.7290  1.2711E-05
      0.7310  1.3480E-05
      0.7330  1.4068E-05
      0.7350  1.4554E-05
      0.7370  1.5429E-05
      0.7390  1.5807E-05
      0.7410  1.6022E-05
      0.7430  1.6427E-05
      0.7450  1.6591E-05
      0.7470  1.6885E-05
      0.7490  1.7022E-05
      0.7510  1.7362E-05
      0.7530  1.7602E-05
      0.7550  1.7730E-05
      0.7570  1.7780E-05
      0.7590  1.6806E-05
      0.7610  1.6361E-05
      0.7630  1.5914E-05
      0.7650  1.5758E-05
      0.7670  1.4112E-05
      0.7690  1.4334E-05
      0.7710  1.3932E-05
      0.7730  1.4788E-05
      0.7750  1.4388E-05
      0.7770  1.4585E-05
      0.7790  1.4783E-05
      0.7810  1.5623E-05
      0.7830  1.5326E-05
      0.7850  1.5604E-05
      0.7870  1.6236E-05
      0.7890  1.6846E-05
      0.7910  1.6678E-05
      0.7930  1.7021E-05
      0.7950  1.7090E-05
      0.7970  1.8131E-05
      0.7990  1.8048E-05
      0.8010  1.8405E-05
      0.8030  1.8709E-05
      0.8050  1.9014E-05
      0.8070  1.8969E-05
      0.8090  1.9301E-05
      0.8110  1.9605E-05
      0.8130  2.0027E-05
      0.8150  2.0217E-05
      0.8170  2.0335E-05
      0.8190  1.9078E-05
      0.8210  1.8994E-05
      0.8230  1.9670E-05
      0.8250  1.9762E-05
      0.8270  1.9926E-05
      0.8290  1.9450E-05
      0.8310  1.9219E-05
      0.8330  1.9397E-05
      0.8350  1.9304E-05
      0.8370  1.9425E-05
      0.8390  1.8566E-05
      0.8410  1.9808E-05
      0.8430  1.8799E-05
      0.8450  1.8995E-05
      0.8470  1.8837E-05
      0.8490  1.9181E-05
      0.8510  1.8523E-05
      0.8530  1.9322E-05
      0.8550  1.7654E-05
      0.8570  2.0358E-05
      0.8590  2.0498E-05
      0.8610  2.0743E-05
      0.8630  2.1213E-05
      0.8650  2.1409E-05
      0.8670  1.9108E-05
      0.8690  2.0848E-05
      0.8710  2.2133E-05
      0.8730  2.2185E-05
      0.8750  2.2387E-05
      0.8770  2.2388E-05
      0.8790  2.2805E-05
      0.8810  2.2368E-05
      0.8830  2.2598E-05
      0.8850  2.2963E-05
      0.8870  1.9782E-05
      0.8890  2.0292E-05
      0.8910  2.0985E-05
      0.8930  2.1044E-05
      0.8950  2.0662E-05
      0.8970  2.1078E-05
      0.8990  2.1795E-05
      0.9010  2.1388E-05
      0.9030  2.2046E-05
      0.9050  2.2743E-05
      0.9070  2.3171E-05
      0.9090  2.2765E-05
      0.9110  2.3122E-05
      0.9130  2.3690E-05
      0.9150  2.3742E-05
      0.9170  2.3861E-05
      0.9190  2.4193E-05
      0.9210  2.3939E-05
      0.9230  2.4056E-05
      0.9250  2.3889E-05
      0.9270  2.4120E-05
      0.9290  2.3946E-05
      0.9310  2.4342E-05
      0.9330  2.4472E-05
      0.9350  2.4555E-05
      0.9370  2.4227E-05
      0.9390  2.4634E-05
      0.9410  2.4522E-05
      0.9430  2.4891E-05
      0.9450  2.4503E-05
      0.9470  2.5096E-05
      0.9490  2.5312E-05
      0.9510  2.5356E-05
      0.9530  2.5351E-05
      0.9550  2.5012E-05
      0.9570  2.5379E-05
      0.9590  2.5873E-05
      0.9610  2.5506E-05
      0.9630  2.5933E-05
      0.9650  2.4849E-05
      0.9670  2.5052E-05
      0.9690  2.5880E-05
      0.9710  2.5735E-05
      0.9730  2.5221E-05
      0.9750  2.5246E-05
      0.9770  2.5640E-05
      0.9790  2.5148E-05
      0.9810  2.6089E-05
      0.9830  2.5590E-05
      0.9850  2.6181E-05
      0.9870  2.6333E-05
      0.9890  2.6461E-05
      0.9910  2.6275E-05
      0.9930  2.6374E-05
      0.9950  2.6564E-05
      0.9970  2.6824E-05
      0.9990  2.6911E-05
      1.0025  2.6744E-05
      1.0075  2.6961E-05
      1.0125  2.7395E-05
      1.0175  2.7468E-05
      1.0225  2.7814E-05
      1.0275  2.8130E-05
      1.0325  2.8026E-05
      1.0375  2.8259E-05
      1.0425  2.8695E-05
      1.0475  2.8684E-05
      1.0525  2.9084E-05
      1.0575  2.9016E-05
      1.0625  2.9332E-05
      1.0675  2.9175E-05
      1.0725  2.9384E-05
      1.0775  2.9610E-05
      1.0825  2.9356E-05
      1.0875  2.9807E-05
      1.0925  2.9991E-05
      1.0975  2.9718E-05
      1.1025  2.9789E-05
      1.1075  2.9972E-05
      1.1125  3.0133E-05
      1.1175  3.0238E-05
      1.1225  3.0610E-05
      1.1275  3.0378E-05
      1.1325  3.0740E-05
      1.1375  3.0574E-05
      1.1425  3.0658E-05
      1.1475  3.1403E-05
      1.1525  3.1709E-05
      1.1575  3.1669E-05
      1.1625  3.1445E-05
      1.1675  3.1792E-05
      1.1725  3.2397E-05
      1.1775  3.1956E-05
      1.1825  3.2181E-05
      1.1875  3.2103E-05
      1.1925  3.2957E-05
      1.1975  3.2082E-05
      1.2025  3.3081E-05
      1.2075  3.3070E-05
      1.2125  3.3536E-05
      1.2175  3.3785E-05
      1.2225  3.3927E-05
      1.2275  3.4006E-05
      1.2325  3.4123E-05
      1.2375  3.4343E-05
      1.2425  3.4314E-05
      1.2475  3.4618E-05
      1.2525  3.4591E-05
      1.2575  3.4885E-05
      1.2625  3.5001E-05
      1.2675  3.5014E-05
      1.2725  3.5353E-05
      1.2775  3.5655E-05
      1.2825  3.4926E-05
      1.2875  3.5687E-05
      1.2925  3.5508E-05
      1.2975  3.6267E-05
      1.3025  3.6269E-05
      1.3075  3.6583E-05
      1.3125  3.5955E-05
      1.3175  3.6414E-05
      1.3225  3.6992E-05
      1.3275  3.6688E-05
      1.3325  3.6351E-05
      1.3375  3.5873E-05
      1.3425  3.5839E-05
      1.3475  3.6532E-05
      1.3525  3.6324E-05
      1.3575  3.6493E-05
      1.3625  3.6355E-05
      1.3675  3.7213E-05
      1.3725  3.7625E-05
      1.3775  3.7792E-05
      1.3825  3.8074E-05
      1.3875  3.7601E-05
      1.3925  3.5436E-05
      1.3975  3.6623E-05
      1.4025  3.7161E-05
      1.4075  3.7595E-05
      1.4125  3.7022E-05
      1.4175  3.7480E-05
      1.4225  3.7699E-05
      1.4275  3.6988E-05
      1.4325  3.8198E-05
      1.4375  3.8268E-05
      1.4425  3.8441E-05
      1.4475  3.9098E-05
      1.4525  3.8879E-05
      1.4570  3.9119E-05
      1.4620  3.7714E-05
      1.4675  3.8272E-05
      1.4725  3.9034E-05
      1.4775  3.9184E-05
      1.4825  3.9805E-05
      1.4875  3.9452E-05
      1.4925  4.1100E-05
      1.4975  4.1688E-05
      1.5025  3.9549E-05
      1.5075  4.0934E-05
      1.5125  4.1944E-05
      1.5175  4.2511E-05
      1.5225  4.3323E-05
      1.5275  4.2938E-05
      1.5325  4.3967E-05
      1.5375  4.3351E-05
      1.5425  4.3022E-05
      1.5475  4.5331E-05
      1.5525  4.4408E-05
      1.5575  4.4685E-05
      1.5625  4.6268E-05
      1.5675  4.6012E-05
      1.5725  4.6174E-05
      1.5775  4.4717E-05
      1.5825  4.7012E-05
      1.5875  4.6297E-05
      1.5925  4.7722E-05
      1.5975  4.8519E-05
      1.6050  4.8593E-05
      1.6150  4.9411E-05
      1.6250  4.9211E-05
      1.6350  5.0523E-05
      1.6450  5.0332E-05
      1.6550  5.1497E-05
      1.6650  5.0744E-05
      1.6750  5.0191E-05
      1.6850  5.0267E-05
      1.6950  5.0521E-05
      1.7050  4.9388E-05
      1.7150  4.7880E-05
      1.7250  4.7745E-05
      1.7350  4.6708E-05
      1.7450  4.6565E-05
      1.7550  4.5120E-05
      1.7650  4.4598E-05
      1.7750  4.3472E-05
      1.7850  4.2629E-05
      1.7950  4.2461E-05
      1.8050  4.0919E-05
      1.8150  4.0906E-05
      1.8250  4.0222E-05
      1.8350  4.0276E-05
      1.8450  3.8610E-05
      1.8550  3.7928E-05
      1.8650  3.7982E-05
      1.8750  3.7475E-05
      1.8850  3.8459E-05
      1.8950  3.7503E-05
      1.9050  3.8302E-05
      1.9150  3.8102E-05
      1.9250  3.8153E-05
      1.9350  3.7028E-05
      1.9450  3.6901E-05
      1.9550  3.7350E-05
      1.9650  3.7110E-05
      1.9750  3.5717E-05
      1.9850  3.5531E-05
      1.9950  3.5176E-05
      2.0050  3.5685E-05
      2.0150  3.5139E-05
      2.0250  3.4602E-05
      2.0350  3.4766E-05
      2.0450  3.4696E-05
      2.0550  3.4522E-05
      2.0650  3.3979E-05
      2.0750  3.4292E-05
      2.0850  3.3719E-05
      2.0950  3.3772E-05
      2.1050  3.3932E-05
      2.1150  3.3895E-05
      2.1250  3.3807E-05
      2.1350  3.4051E-05
      2.1450  3.4047E-05
      2.1550  3.4016E-05
      2.1650  3.4208E-05
      2.1750  3.3747E-05
      2.1850  3.3966E-05
      2.1950  3.4015E-05
      2.2050  3.3188E-05
      2.2150  3.4252E-05
      2.2250  3.3419E-05
      2.2350  3.3680E-05
      2.2450  3.3692E-05
      2.2550  3.3724E-05
      2.2650  3.3060E-05
      2.2750  3.3491E-05
      2.2850  3.3021E-05
      2.2950  2.9163E-05
      2.3050  3.0917E-05
      2.3150  3.0867E-05
      2.3250  2.7475E-05
      2.3350  2.8867E-05
      2.3450  2.9260E-05
      2.3550  2.5975E-05
      2.3650  2.7980E-05
      2.3750  2.8012E-05
      2.3850  2.4997E-05
      2.3950  2.6422E-05
      2.4050  2.6012E-05
      2.4150  2.4061E-05
      2.4250  2.4685E-05
      2.4350  2.4570E-05
      2.4450  2.3122E-05
      2.4550  2.2725E-05
      2.4650  2.2969E-05
      2.4750  2.2141E-05
      2.4850  2.1365E-05
      2.4950  2.1757E-05
      2.5050  2.1406E-05
      2.5150  2.0438E-05
      2.5250  1.9939E-05
      2.5350  2.0316E-05
      2.5450  2.0266E-05
      2.5550  2.0418E-05
      2.5650  1.9746E-05
      2.5750  2.0291E-05
      2.5850  2.0121E-05
      2.5950  2.0276E-05
      2.6050  2.0366E-05
      2.6150  2.0987E-05
      2.6250  2.0760E-05
      2.6350  2.0898E-05
      2.6450  2.0649E-05
      2.6550  2.0604E-05
      2.6650  2.0657E-05
      2.6750  2.0580E-05
      2.6850  2.0662E-05
      2.6950  1.9850E-05
      2.7050  2.0185E-05
      2.7150  1.9661E-05
      2.7250  1.9244E-05
      2.7350  1.9097E-05
      2.7450  1.9262E-05
      2.7550  1.8718E-05
      2.7650  1.8584E-05
      2.7750  1.8684E-05
      2.7850  1.8137E-05
      2.7950  1.8331E-05
      2.8050  1.7174E-05
      2.8150  1.7666E-05
      2.8250  1.7521E-05
      2.8350  1.7524E-05
      2.8450  1.7745E-05
      2.8550  1.7230E-05
      2.8650  1.7539E-05
      2.8750  1.7450E-05
      2.8850  1.7172E-05
      2.8950  1.7486E-05
      2.9050  1.6668E-05
      2.9150  1.7428E-05
      2.9250  1.5988E-05
      2.9350  1.7266E-05
      2.9450  1.5665E-05
      2.9550  1.6692E-05
      2.9650  1.5959E-05
      2.9750  1.6546E-05
      2.9850  1.5768E-05
      2.9950  1.6501E-05
      3.0050  1.5467E-05
      3.0150  1.6575E-05
      3.0250  1.5450E-05
      3.0350  1.6194E-05
      3.0450  1.5447E-05
      3.0550  1.5976E-05
      3.0650  1.5883E-05
      3.0750  1.5651E-05
      3.0850  1.5454E-05
      3.0950  1.5232E-05
      3.1050  1.5707E-05
      3.1150  1.5230E-05
      3.1250  1.5661E-05
      3.1350  1.5093E-05
      3.1450  1.5419E-05
      3.1550  1.5204E-05
      3.1650  1.5546E-05
      3.1750  1.5153E-05
      3.1850  1.5403E-05
      3.1950  1.5131E-05
      3.2100  1.5447E-05
      3.2300  1.5223E-05
      3.2500  1.5366E-05
      3.2700  1.5283E-05
      3.2900  1.5234E-05
      3.3100  1.5349E-05
      3.3300  1.5219E-05
      3.3500  1.5252E-05
      3.3700  1.5354E-05
      3.3900  1.5150E-05
      3.4100  1.5209E-05
      3.4300  1.5423E-05
      3.4500  1.4995E-05
      3.4700  1.5312E-05
      3.4900  1.5144E-05
      3.5100  1.5041E-05
      3.5300  1.4949E-05
      3.5500  1.5057E-05
      3.5700  1.4798E-05
      3.5900  1.4802E-05
      3.6100  1.4901E-05
      3.6300  1.4654E-05
      3.6500  1.4605E-05
      3.6700  1.4583E-05
      3.6900  1.4471E-05
      3.7100  1.4294E-05
      3.7300  1.4302E-05
      3.7500  1.4341E-05
      3.7700  1.4029E-05
      3.7900  1.4200E-05
      3.8100  1.3974E-05
      3.8300  1.3856E-05
      3.8500  1.3814E-05
      3.8700  1.3763E-05
      3.8900  1.3560E-05
      3.9100  1.3476E-05
      3.9300  1.3387E-05
      3.9500  1.3328E-05
      3.9700  1.3161E-05
      3.9900  1.2764E-05
      4.0100  1.2705E-05
      4.0300  1.2667E-05
      4.0500  1.2183E-05
      4.0700  1.2128E-05
      4.0900  1.1856E-05
      4.1100  1.1937E-05
      4.1300  1.1623E-05
      4.1500  1.1710E-05
      4.1700  1.1321E-05
      4.1900  1.1473E-05
      4.2100  1.1166E-05
      4.2300  1.1296E-05
      4.2500  1.0993E-05
      4.2700  1.0988E-05
      4.2900  1.0594E-05
      4.3100  1.0053E-05
      4.3300  1.0289E-05
      4.3500  9.7462E-06
      4.3700  9.5675E-06
      4.3900  9.4685E-06
      4.4100  9.0963E-06
      4.4300  8.9941E-06
      4.4500  8.9410E-06
      4.4700  8.6493E-06
      4.4900  8.6847E-06
      4.5100  8.5355E-06
      4.5300  8.3646E-06
      4.5500  8.4275E-06
      4.5700  8.3834E-06
      4.5900  8.1537E-06
      4.6100  8.2511E-06
      4.6300  8.1495E-06
      4.6500  8.2018E-06
      4.6700  8.1514E-06
      4.6900  8.1074E-06
      4.7100  8.0510E-06
      4.7300  8.0858E-06
      4.7500  8.0129E-06
      4.7700  7.9051E-06
      4.7900  7.9364E-06
      4.8100  7.7349E-06
      4.8300  7.9382E-06
      4.8500  7.7685E-06
      4.8700  7.6484E-06
      4.8900  7.6008E-06
      4.9100  7.6827E-06
      4.9300  7.5139E-06
      4.9500  7.4984E-06
      4.9700  7.4547E-06
      4.9900  7.4461E-06
      5.0100  7.2734E-06
      5.0300  7.2787E-06
      5.0500  7.2366E-06
      5.0700  7.2146E-06
      5.0900  7.1503E-06
      5.1100  7.0992E-06
      5.1300  7.0907E-06
      5.1500  7.0798E-06
      5.1700  6.9596E-06
      5.1900  6.9521E-06
      5.2100  6.9654E-06
      5.2300  6.8832E-06
      5.2500  6.8297E-06
      5.2700  6.8728E-06
      5.2900  6.7334E-06
      5.3100  6.7558E-06
      5.3300  6.6765E-06
      5.3500  6.6519E-06
      5.3700  6.6217E-06
      5.3900  6.6514E-06
      5.4100  6.5627E-06
      5.4300  6.3899E-06
      5.4500  6.5363E-06
      5.4700  6.4594E-06
      5.4900  6.4648E-06
      5.5100  6.4081E-06
      5.5300  6.4175E-06
      5.5500  6.2861E-06
      5.5700  6.3318E-06
      5.5900  6.3348E-06
      5.6100  6.2640E-06
      5.6300  6.2113E-06
      5.6500  6.2364E-06
      5.6700  6.1629E-06
      5.6900  6.0696E-06
      5.7100  6.1707E-06
      5.7300  6.0179E-06
      5.7500  6.1762E-06
      5.7700  6.0482E-06
      5.7900  5.9795E-06
      5.8100  6.0395E-06
      5.8300  5.9418E-06
      5.8500  5.9292E-06
      5.8700  5.9209E-06
      5.8900  5.9140E-06
      5.9100  5.8578E-06
      5.9300  5.8814E-06
      5.9500  5.8446E-06
      5.9700  5.7989E-06
      5.9900  5.7960E-06
      6.0100  5.8356E-06
      6.0300  5.6983E-06
      6.0500  5.6349E-06
      6.0700  5.7285E-06
      6.0900  5.7127E-06
      6.1100  5.5866E-06
      6.1300  5.7146E-06
      6.1500  5.6047E-06
      6.1700  5.5953E-06
      6.1900  5.5824E-06
      6.2100  5.5650E-06
      6.2300  5.5703E-06
      6.2500  5.4769E-06
      6.2700  5.4298E-06
      6.2900  5.4602E-06
      6.3100  5.3920E-06
      6.3300  5.3939E-06
      6.3500  5.2849E-06
      6.3700  5.3334E-06
      6.3900  5.2564E-06
      6.4200  5.1692E-06
      6.4600  4.9665E-06
      6.5000  4.8705E-06
      6.5400  4.7643E-06
      6.5800  4.6184E-06
      6.6200  4.5483E-06
      6.6600  4.5086E-06
      6.7000  4.4364E-06
      6.7400  4.4301E-06
      6.7800  4.3133E-06
      6.8200  4.2839E-06
      6.8600  4.3020E-06
      6.9000  4.2178E-06
      6.9400  4.1651E-06
      6.9800  4.1960E-06
      7.0200  4.1086E-06
      7.0600  4.0777E-06
      7.1000  4.0238E-06
      7.1400  4.0039E-06
      7.1800  4.0021E-06
      7.2200  3.9130E-06
      7.2600  3.8947E-06
      7.3000  3.8752E-06
      7.3400  3.8327E-06
      7.3800  3.8195E-06
      7.4200  3.7489E-06
      7.4600  3.7650E-06
      7.5000  3.7028E-06
      7.5400  3.6690E-06
      7.5800  3.5858E-06
      7.6200  3.5138E-06
      7.6600  3.4793E-06
      7.7000  3.4682E-06
      7.7400  3.3783E-06
      7.7800  3.3677E-06
      7.8200  3.3160E-06
      7.8600  3.2779E-06
      7.9000  3.2280E-06
      7.9400  3.2172E-06
      7.9800  3.1612E-06
      8.0200  3.1627E-06
      8.0600  3.1093E-06
      8.1000  3.0857E-06
      8.1400  3.0754E-06
      8.1800  3.0540E-06
      8.2200  3.0133E-06
      8.2600  3.0161E-06
      8.3000  2.9650E-06
      8.3400  2.9439E-06
      8.3800  2.9052E-06
      8.4200  2.9221E-06
      8.4600  2.8807E-06
      8.5000  2.8561E-06
      8.5400  2.8511E-06
      8.5800  2.8175E-06
      8.6200  2.8037E-06
      8.6600  2.7755E-06
      8.7000  2.7843E-06
      8.7400  2.7280E-06
      8.7800  2.7123E-06
      8.8200  2.6935E-06
      8.8600  2.6853E-06
      8.9000  2.6631E-06
      8.9400  2.6460E-06
      8.9800  2.6167E-06
      9.0200  2.6222E-06
      9.0600  2.6041E-06
      9.1000  2.5887E-06
      9.1400  2.5613E-06
      9.1800  2.5480E-06
      9.2200  2.5211E-06
      9.2600  2.5000E-06
      9.3000  2.4986E-06
      9.3400  2.4776E-06
      9.3800  2.4518E-06
      9.4200  2.4337E-06
      9.4600  2.4169E-06
      9.5000  2.4056E-06
      9.5400  2.4114E-06
      9.5800  2.3665E-06
      9.6200  2.3513E-06
      9.6600  2.3303E-06
      9.7000  2.3219E-06
      9.7400  2.3121E-06
      9.7800  2.2900E-06
      9.8200  2.2809E-06
      9.8600  2.2662E-06
      9.9000  2.2144E-06
      9.9400  2.2270E-06
      9.9800  2.2080E-06
     10.0200  2.1925E-06
     20.0000  6.1112E-07
     40.0000  1.5932E-07
     60.0000  7.1348E-08
     80.0000  4.0155E-08
    100.0000  2.5659E-08
    120.0000  1.7783E-08
    140.0000  1.3035E-08
    160.0000  9.9581E-09
    174.6139  8.6897E-09
    190.5626  7.3028E-09
    207.9679  6.1368E-09
    226.9631  5.1565E-09
    247.6931  4.3326E-09
    270.3167  3.6401E-09
    295.0065  3.0581E-09
    321.9514  2.5691E-09
    351.3575  2.1581E-09
    383.4493  1.8128E-09
    418.4724  1.5227E-09
    456.6943  1.2790E-09
    498.4073  1.0742E-09
    543.9302  9.0225E-10
    593.6111  7.5777E-10
    647.8296  6.3641E-10
    707.0003  5.3447E-10
    771.5754  4.4886E-10
    842.0486  3.7695E-10
    918.9587  3.1655E-10
   1002.8934  2.6583E-10
   1094.4945  2.2323E-10
   1194.4622  1.8746E-10
   1303.5604  1.5741E-10
   1422.6235  1.3218E-10
   1552.5614  1.1100E-10
   1694.3674  9.3204E-11
   1849.1255  7.8264E-11
   2018.0187  6.5717E-11
   2202.3381  5.5182E-11
   2403.4927  4.6335E-11
   2623.0200  3.8907E-11
   2862.5981  3.2669E-11
   3124.0588  2.7431E-11
   3409.4001  2.3033E-11
   3720.8040  1.9340E-11
   4060.6504  1.6239E-11
   4431.5371  1.3635E-11
   4836.2993  1.1448E-11
   5278.0317  9.6126E-12
   5760.1104  8.0712E-12
   6286.2202  6.7769E-12
   6860.3833  5.6902E-12
   7486.9888  4.7777E-12
   8170.8267  4.0115E-12
   8917.1240  3.3682E-12
   9731.5850  2.8281E-12
  10620.4375  2.3745E-12
  11590.4736  1.9937E-12
  12649.1104  1.6740E-12
  13804.4395  1.4055E-12
  15065.2930  1.1801E-12
  16441.3086  9.9088E-13
  17943.0059  8.3197E-13
  19581.8613  6.9854E-13
  21370.4062  5.8651E-13
  23322.3125  4.9245E-13
  25452.4961  4.1348E-13
  27777.2461  3.4716E-13
  30314.3320  2.9149E-13
  33083.1445  2.4474E-13
  36104.8555  2.0549E-13
  39402.5547  1.7253E-13
  43001.4609  1.4486E-13
  46929.0742  1.2163E-13
  51215.4258  1.0212E-13
  55893.2812  8.5745E-14
  60998.3945  7.1993E-14
  66569.7891  6.0447E-14
  72650.0625  5.0753E-14
  79285.6875  4.2613E-14
  86527.3906  3.5779E-14
  94430.5234  3.0041E-14
 103055.5078  2.5223E-14
 112468.2656  2.1178E-14
 122740.7578  1.7781E-14
 133951.5000  1.4929E-14
 146186.2031  1.2535E-14
 159538.3906  1.0525E-14
 174110.1094  8.8367E-15
 190012.7656  7.4195E-15
 207367.9375  6.2295E-15
 226308.2500  5.2305E-15
 246978.5312  4.3916E-15
 269536.7500  3.6873E-15
 294155.3750  3.0959E-15
 321022.5938  2.5994E-15
 350343.7812  2.1825E-15
 382343.0625  1.8325E-15
 417265.0312  1.5386E-15
 455376.6875  1.2918E-15
 496969.3438  1.0846E-15
 542360.9375  9.1068E-16
 591898.4375  7.6462E-16
 645960.5625  6.4199E-16
 704960.5000  5.3903E-16
 769349.3750  4.5258E-16
 839619.2500  3.7999E-16
 916307.4375  3.1905E-16
1000000.0000  2.6788E-16
