# Temperature =  4000.0 K   Log[g] =  4.0   Log[Z/H] =  0.0
      0.0091  0.0000E+00
      0.0093  0.0000E+00
      0.0096  0.0000E+00
      0.0098  0.0000E+00
      0.0100  0.0000E+00
      0.0102  0.0000E+00
      0.0104  0.0000E+00
      0.0106  0.0000E+00
      0.0108  0.0000E+00
      0.0110  0.0000E+00
      0.0114  0.0000E+00
      0.0118  0.0000E+00
      0.0121  0.0000E+00
      0.0125  0.0000E+00
      0.0127  0.0000E+00
      0.0128  0.0000E+00
      0.0131  0.0000E+00
      0.0132  0.0000E+00
      0.0134  0.0000E+00
      0.0137  0.0000E+00
      0.0140  0.0000E+00
      0.0143  0.0000E+00
      0.0147  0.0000E+00
      0.0151  0.0000E+00
      0.0155  0.0000E+00
      0.0159  0.0000E+00
      0.0162  0.0000E+00
      0.0166  0.0000E+00
      0.0170  0.0000E+00
      0.0173  0.0000E+00
      0.0177  0.0000E+00
      0.0180  0.0000E+00
      0.0182  0.0000E+00
      0.0186  0.0000E+00
      0.0191  0.0000E+00
      0.0194  0.0000E+00
      0.0198  0.0000E+00
      0.0202  0.0000E+00
      0.0205  0.0000E+00
      0.0211  0.0000E+00
      0.0216  0.0000E+00
      0.0220  0.0000E+00
      0.0223  0.0000E+00
      0.0227  0.0000E+00
      0.0230  0.0000E+00
      0.0234  0.0000E+00
      0.0240  0.0000E+00
      0.0247  0.0000E+00
      0.0252  0.0000E+00
      0.0257  0.0000E+00
      0.0260  0.0000E+00
      0.0264  0.0000E+00
      0.0269  0.0000E+00
      0.0273  0.0000E+00
      0.0279  0.0000E+00
      0.0284  0.0000E+00
      0.0290  0.0000E+00
      0.0296  0.0000E+00
      0.0301  0.0000E+00
      0.0308  0.0000E+00
      0.0318  0.0000E+00
      0.0328  0.0000E+00
      0.0338  0.0000E+00
      0.0348  0.0000E+00
      0.0357  0.0000E+00
      0.0366  0.0000E+00
      0.0375  0.0000E+00
      0.0385  0.0000E+00
      0.0395  0.0000E+00
      0.0405  0.0000E+00
      0.0414  0.0000E+00
      0.0422  0.0000E+00
      0.0430  0.0000E+00
      0.0441  0.0000E+00
      0.0451  0.0000E+00
      0.0460  0.0000E+00
      0.0470  0.0000E+00
      0.0480  0.0000E+00
      0.0490  0.0000E+00
      0.0500  0.0000E+00
      0.0506  0.0000E+00
      0.0512  0.0000E+00
      0.0520  0.0000E+00
      0.0530  0.0000E+00
      0.0540  0.0000E+00
      0.0550  0.0000E+00
      0.0560  0.0000E+00
      0.0570  0.0000E+00
      0.0580  0.0000E+00
      0.0590  0.0000E+00
      0.0600  0.0000E+00
      0.0610  0.0000E+00
      0.0620  0.0000E+00
      0.0630  0.0000E+00
      0.0640  0.0000E+00
      0.0650  0.0000E+00
      0.0658  0.0000E+00
      0.0665  0.0000E+00
      0.0675  0.0000E+00
      0.0685  0.0000E+00
      0.0695  0.0000E+00
      0.0705  0.0000E+00
      0.0716  0.0000E+00
      0.0726  0.0000E+00
      0.0735  0.0000E+00
      0.0745  0.0000E+00
      0.0755  0.0000E+00
      0.0765  0.0000E+00
      0.0775  0.0000E+00
      0.0785  0.0000E+00
      0.0795  0.0000E+00
      0.0805  0.0000E+00
      0.0815  0.0000E+00
      0.0825  0.0000E+00
      0.0835  0.0000E+00
      0.0845  0.0000E+00
      0.0855  0.0000E+00
      0.0865  0.0000E+00
      0.0875  0.0000E+00
      0.0885  0.0000E+00
      0.0895  0.0000E+00
      0.0905  0.0000E+00
      0.0915  0.0000E+00
      0.0925  0.0000E+00
      0.0935  0.0000E+00
      0.0945  0.0000E+00
      0.0955  0.0000E+00
      0.0965  0.0000E+00
      0.0975  0.0000E+00
      0.0985  0.0000E+00
      0.0995  0.0000E+00
      0.1005  0.0000E+00
      0.1015  0.0000E+00
      0.1025  0.0000E+00
      0.1035  0.0000E+00
      0.1045  0.0000E+00
      0.1055  0.0000E+00
      0.1065  0.0000E+00
      0.1075  0.0000E+00
      0.1085  0.0000E+00
      0.1095  0.0000E+00
      0.1105  0.0000E+00
      0.1115  0.0000E+00
      0.1125  0.0000E+00
      0.1135  0.0000E+00
      0.1145  0.0000E+00
      0.1155  0.0000E+00
      0.1165  0.0000E+00
      0.1175  0.0000E+00
      0.1185  0.0000E+00
      0.1195  0.0000E+00
      0.1205  0.0000E+00
      0.1215  0.0000E+00
      0.1225  0.0000E+00
      0.1235  0.0000E+00
      0.1245  0.0000E+00
      0.1255  0.0000E+00
      0.1265  0.0000E+00
      0.1275  0.0000E+00
      0.1285  0.0000E+00
      0.1295  0.0000E+00
      0.1305  0.0000E+00
      0.1315  0.0000E+00
      0.1325  0.0000E+00
      0.1335  0.0000E+00
      0.1345  0.0000E+00
      0.1355  0.0000E+00
      0.1365  0.0000E+00
      0.1375  0.0000E+00
      0.1385  0.0000E+00
      0.1395  0.0000E+00
      0.1405  0.0000E+00
      0.1415  0.0000E+00
      0.1425  0.0000E+00
      0.1435  0.0000E+00
      0.1442  0.0000E+00
      0.1447  0.0000E+00
      0.1455  2.3348E-17
      0.1465  3.4471E-17
      0.1475  3.4045E-17
      0.1485  4.3850E-17
      0.1495  6.7463E-17
      0.1505  9.7971E-17
      0.1512  6.0572E-17
      0.1517  9.7989E-17
      0.1525  1.4894E-16
      0.1535  3.2607E-16
      0.1545  2.5194E-16
      0.1555  4.1232E-16
      0.1565  3.7547E-16
      0.1575  7.5638E-16
      0.1585  7.7788E-16
      0.1595  7.5045E-16
      0.1605  7.8792E-16
      0.1615  8.1304E-16
      0.1625  8.0586E-16
      0.1635  1.0982E-15
      0.1645  1.5100E-15
      0.1655  1.2617E-15
      0.1665  2.0804E-15
      0.1672  1.7342E-15
      0.1677  2.7667E-15
      0.1685  3.7376E-15
      0.1695  5.3530E-15
      0.1705  5.7742E-15
      0.1715  6.4100E-15
      0.1725  8.9537E-15
      0.1735  1.0288E-14
      0.1745  1.4598E-14
      0.1755  1.4865E-14
      0.1765  1.8871E-14
      0.1775  1.7805E-14
      0.1785  3.3920E-14
      0.1795  2.7915E-14
      0.1805  4.9827E-14
      0.1815  3.6234E-14
      0.1825  5.8832E-14
      0.1835  5.2717E-14
      0.1845  8.0147E-14
      0.1855  6.3110E-14
      0.1865  1.0823E-13
      0.1875  1.0266E-13
      0.1885  1.3176E-13
      0.1895  1.6475E-13
      0.1905  1.7608E-13
      0.1915  2.5134E-13
      0.1925  2.2038E-13
      0.1935  1.6475E-13
      0.1945  3.1454E-13
      0.1955  4.4353E-13
      0.1967  4.8677E-13
      0.1976  5.6468E-13
      0.1984  7.2449E-13
      0.1995  6.6240E-13
      0.2005  7.9742E-13
      0.2015  9.1403E-13
      0.2025  8.7880E-13
      0.2035  1.1072E-12
      0.2045  1.1733E-12
      0.2055  1.4027E-12
      0.2065  1.3675E-12
      0.2074  1.2659E-12
      0.2078  1.7164E-12
      0.2085  2.0882E-12
      0.2095  2.8568E-12
      0.2105  3.1019E-12
      0.2115  3.1863E-12
      0.2125  3.7377E-12
      0.2135  4.7436E-12
      0.2145  3.7250E-12
      0.2155  4.7043E-12
      0.2165  4.6592E-12
      0.2175  5.1342E-12
      0.2185  4.8706E-12
      0.2195  8.0227E-12
      0.2205  6.8687E-12
      0.2215  8.3276E-12
      0.2225  7.3879E-12
      0.2235  1.2150E-11
      0.2245  1.3902E-11
      0.2255  1.7006E-11
      0.2265  9.8749E-12
      0.2275  1.9019E-11
      0.2285  1.8250E-11
      0.2295  2.9473E-11
      0.2305  1.2224E-11
      0.2315  3.8332E-11
      0.2325  3.0872E-11
      0.2335  4.7226E-11
      0.2345  3.0069E-11
      0.2355  2.7450E-11
      0.2365  3.6626E-11
      0.2375  3.6280E-11
      0.2385  6.0374E-11
      0.2395  5.8093E-11
      0.2405  1.0071E-10
      0.2415  6.3949E-11
      0.2425  8.1401E-11
      0.2435  1.1900E-10
      0.2445  1.5996E-10
      0.2455  1.8556E-10
      0.2465  1.2617E-10
      0.2475  2.1942E-10
      0.2485  9.6346E-11
      0.2495  1.0769E-10
      0.2505  2.0209E-10
      0.2513  1.4923E-10
      0.2518  1.7186E-10
      0.2525  2.0898E-10
      0.2535  3.9412E-10
      0.2545  4.8609E-10
      0.2555  5.2042E-10
      0.2565  3.1548E-10
      0.2575  4.7111E-10
      0.2585  3.7783E-10
      0.2595  4.4601E-10
      0.2605  5.9656E-10
      0.2615  5.6536E-10
      0.2625  8.2033E-10
      0.2635  1.1826E-09
      0.2645  1.0011E-09
      0.2655  1.2945E-09
      0.2665  1.2161E-09
      0.2675  1.0788E-09
      0.2685  1.4307E-09
      0.2695  1.1041E-09
      0.2705  1.6686E-09
      0.2715  1.6885E-09
      0.2725  1.5503E-09
      0.2735  1.6119E-09
      0.2745  2.1824E-09
      0.2755  2.1108E-09
      0.2765  2.7655E-09
      0.2775  3.5239E-09
      0.2785  2.5610E-09
      0.2795  3.2793E-09
      0.2805  3.3894E-09
      0.2815  3.6584E-09
      0.2825  3.8819E-09
      0.2835  3.5944E-09
      0.2845  3.0161E-09
      0.2855  1.6913E-09
      0.2865  4.3657E-09
      0.2875  4.6656E-09
      0.2885  6.5412E-09
      0.2895  7.2972E-09
      0.2910  8.5979E-09
      0.2930  9.6448E-09
      0.2950  9.9306E-09
      0.2970  1.0181E-08
      0.2990  1.1952E-08
      0.3010  1.3007E-08
      0.3030  1.6116E-08
      0.3050  1.9003E-08
      0.3070  2.1784E-08
      0.3090  2.1721E-08
      0.3110  3.4399E-08
      0.3130  3.4296E-08
      0.3150  5.6052E-08
      0.3170  8.7217E-08
      0.3190  6.4961E-08
      0.3210  8.3020E-08
      0.3230  8.0857E-08
      0.3250  1.3622E-07
      0.3270  2.0155E-07
      0.3290  2.6357E-07
      0.3310  2.0218E-07
      0.3330  2.2452E-07
      0.3350  2.0131E-07
      0.3370  1.2194E-07
      0.3390  1.6300E-07
      0.3410  1.9660E-07
      0.3430  2.2510E-07
      0.3450  2.0091E-07
      0.3470  2.0164E-07
      0.3490  2.9243E-07
      0.3510  4.1553E-07
      0.3530  4.0092E-07
      0.3550  6.0278E-07
      0.3570  2.5070E-07
      0.3590  2.2427E-07
      0.3610  3.7075E-07
      0.3630  5.1804E-07
      0.3640  5.7206E-07
      0.3650  6.9461E-07
      0.3670  9.2779E-07
      0.3690  7.0869E-07
      0.3710  5.3973E-07
      0.3730  2.3179E-07
      0.3750  3.0241E-07
      0.3770  7.6155E-07
      0.3790  8.6240E-07
      0.3810  7.5196E-07
      0.3830  3.1934E-07
      0.3850  5.3831E-07
      0.3870  5.1065E-07
      0.3890  5.8145E-07
      0.3910  8.5554E-07
      0.3930  3.1227E-07
      0.3950  5.9576E-07
      0.3970  4.3999E-07
      0.3990  1.4802E-06
      0.4010  2.0983E-06
      0.4030  1.6067E-06
      0.4050  1.7902E-06
      0.4070  1.6555E-06
      0.4090  2.4166E-06
      0.4110  1.5968E-06
      0.4130  1.8326E-06
      0.4150  1.7516E-06
      0.4170  1.7323E-06
      0.4190  1.8691E-06
      0.4210  1.5615E-06
      0.4230  8.7198E-07
      0.4250  1.7602E-06
      0.4270  1.7590E-06
      0.4290  1.7456E-06
      0.4310  2.0179E-06
      0.4330  2.9728E-06
      0.4350  3.1597E-06
      0.4370  3.4075E-06
      0.4390  2.8754E-06
      0.4410  3.0873E-06
      0.4430  3.2118E-06
      0.4450  3.4453E-06
      0.4470  3.9093E-06
      0.4490  4.1510E-06
      0.4510  4.9412E-06
      0.4530  3.9403E-06
      0.4550  4.5035E-06
      0.4570  5.0480E-06
      0.4590  4.7291E-06
      0.4610  5.0200E-06
      0.4630  4.9266E-06
      0.4650  4.7518E-06
      0.4670  5.2834E-06
      0.4690  5.1160E-06
      0.4710  4.8751E-06
      0.4730  4.8078E-06
      0.4750  4.8333E-06
      0.4770  3.7439E-06
      0.4790  4.1720E-06
      0.4810  4.8980E-06
      0.4830  5.1148E-06
      0.4850  5.5538E-06
      0.4870  5.5302E-06
      0.4890  5.9170E-06
      0.4910  6.0557E-06
      0.4930  5.7559E-06
      0.4950  5.6320E-06
      0.4970  4.6295E-06
      0.4990  4.4476E-06
      0.5010  3.7048E-06
      0.5030  4.2581E-06
      0.5050  4.0475E-06
      0.5070  4.0329E-06
      0.5090  3.9274E-06
      0.5110  4.1656E-06
      0.5130  4.0119E-06
      0.5150  3.8120E-06
      0.5170  3.5525E-06
      0.5190  3.7555E-06
      0.5210  4.5900E-06
      0.5230  7.1667E-06
      0.5250  7.5230E-06
      0.5270  6.6084E-06
      0.5290  8.2559E-06
      0.5310  9.2211E-06
      0.5330  8.0001E-06
      0.5350  8.7858E-06
      0.5370  8.7699E-06
      0.5390  8.6388E-06
      0.5410  8.6786E-06
      0.5430  8.7191E-06
      0.5450  8.3977E-06
      0.5470  8.3438E-06
      0.5490  8.7683E-06
      0.5510  8.3272E-06
      0.5530  9.4453E-06
      0.5550  9.8770E-06
      0.5570  9.7543E-06
      0.5590  9.0659E-06
      0.5610  8.8785E-06
      0.5630  9.4264E-06
      0.5650  1.0102E-05
      0.5670  9.8871E-06
      0.5690  1.0588E-05
      0.5710  1.0231E-05
      0.5730  1.1486E-05
      0.5750  1.1744E-05
      0.5770  1.1597E-05
      0.5790  1.1353E-05
      0.5810  1.1982E-05
      0.5830  1.2452E-05
      0.5850  1.1804E-05
      0.5870  1.1154E-05
      0.5890  6.1669E-06
      0.5910  9.9552E-06
      0.5930  1.1078E-05
      0.5950  1.1317E-05
      0.5970  1.1757E-05
      0.5990  1.2059E-05
      0.6010  1.2157E-05
      0.6030  1.2918E-05
      0.6050  1.3394E-05
      0.6070  1.3594E-05
      0.6090  1.3552E-05
      0.6110  1.3647E-05
      0.6130  1.2844E-05
      0.6150  1.3759E-05
      0.6170  1.1003E-05
      0.6190  1.2324E-05
      0.6210  1.2129E-05
      0.6230  1.1269E-05
      0.6250  1.1440E-05
      0.6270  1.2467E-05
      0.6290  1.3195E-05
      0.6310  1.3394E-05
      0.6330  1.3936E-05
      0.6350  1.4338E-05
      0.6370  1.4318E-05
      0.6390  1.4833E-05
      0.6410  1.4760E-05
      0.6430  1.4508E-05
      0.6450  1.4357E-05
      0.6470  1.4758E-05
      0.6490  1.4487E-05
      0.6510  1.5376E-05
      0.6530  1.6104E-05
      0.6550  1.5751E-05
      0.6570  1.5849E-05
      0.6590  1.6130E-05
      0.6610  1.6250E-05
      0.6630  1.6202E-05
      0.6650  1.5785E-05
      0.6670  1.5372E-05
      0.6690  1.4704E-05
      0.6710  1.4591E-05
      0.6730  1.4079E-05
      0.6750  1.4135E-05
      0.6770  1.5046E-05
      0.6790  1.4441E-05
      0.6810  1.5076E-05
      0.6830  1.5783E-05
      0.6850  1.5998E-05
      0.6870  1.6207E-05
      0.6890  1.6890E-05
      0.6910  1.7572E-05
      0.6930  1.7524E-05
      0.6950  1.8063E-05
      0.6970  1.8803E-05
      0.6990  1.8710E-05
      0.7010  1.9036E-05
      0.7030  1.9527E-05
      0.7050  1.9052E-05
      0.7070  1.6862E-05
      0.7090  1.6081E-05
      0.7110  1.6103E-05
      0.7130  1.4664E-05
      0.7150  1.4626E-05
      0.7170  1.5738E-05
      0.7190  1.6552E-05
      0.7210  1.6436E-05
      0.7230  1.7972E-05
      0.7250  1.8496E-05
      0.7270  1.9423E-05
      0.7290  1.9876E-05
      0.7310  2.0369E-05
      0.7330  2.0510E-05
      0.7350  2.0829E-05
      0.7370  2.1556E-05
      0.7390  2.1700E-05
      0.7410  2.1731E-05
      0.7430  2.2144E-05
      0.7450  2.2200E-05
      0.7470  2.2494E-05
      0.7490  2.2602E-05
      0.7510  2.2945E-05
      0.7530  2.3211E-05
      0.7550  2.3353E-05
      0.7570  2.3404E-05
      0.7590  2.2947E-05
      0.7610  2.2823E-05
      0.7630  2.2789E-05
      0.7650  2.2758E-05
      0.7670  2.1172E-05
      0.7690  2.2087E-05
      0.7710  2.1532E-05
      0.7730  2.2395E-05
      0.7750  2.2087E-05
      0.7770  2.2564E-05
      0.7790  2.2685E-05
      0.7810  2.3184E-05
      0.7830  2.2921E-05
      0.7850  2.3130E-05
      0.7870  2.3743E-05
      0.7890  2.3970E-05
      0.7910  2.3776E-05
      0.7930  2.3938E-05
      0.7950  2.3789E-05
      0.7970  2.4797E-05
      0.7990  2.4687E-05
      0.8010  2.4896E-05
      0.8030  2.5095E-05
      0.8050  2.5191E-05
      0.8070  2.5182E-05
      0.8090  2.5354E-05
      0.8110  2.5615E-05
      0.8130  2.6011E-05
      0.8150  2.6157E-05
      0.8170  2.6220E-05
      0.8190  2.4619E-05
      0.8210  2.5429E-05
      0.8230  2.5955E-05
      0.8250  2.6058E-05
      0.8270  2.6452E-05
      0.8290  2.6235E-05
      0.8310  2.5858E-05
      0.8330  2.5732E-05
      0.8350  2.6016E-05
      0.8370  2.6133E-05
      0.8390  2.4859E-05
      0.8410  2.6415E-05
      0.8430  2.5372E-05
      0.8450  2.6222E-05
      0.8470  2.6139E-05
      0.8490  2.6283E-05
      0.8510  2.5319E-05
      0.8530  2.6303E-05
      0.8550  2.3381E-05
      0.8570  2.7336E-05
      0.8590  2.7341E-05
      0.8610  2.7426E-05
      0.8630  2.7770E-05
      0.8650  2.7862E-05
      0.8670  2.4477E-05
      0.8690  2.6839E-05
      0.8710  2.8354E-05
      0.8730  2.8360E-05
      0.8750  2.8538E-05
      0.8770  2.8494E-05
      0.8790  2.8881E-05
      0.8810  2.8124E-05
      0.8830  2.8477E-05
      0.8850  2.9007E-05
      0.8870  2.7605E-05
      0.8890  2.8140E-05
      0.8910  2.8496E-05
      0.8930  2.8331E-05
      0.8950  2.8160E-05
      0.8970  2.8478E-05
      0.8990  2.8930E-05
      0.9010  2.8098E-05
      0.9030  2.8955E-05
      0.9050  2.9650E-05
      0.9070  2.9875E-05
      0.9090  2.9173E-05
      0.9110  2.9496E-05
      0.9130  3.0088E-05
      0.9150  2.9990E-05
      0.9170  3.0008E-05
      0.9190  3.0318E-05
      0.9210  3.0006E-05
      0.9230  3.0298E-05
      0.9250  3.0040E-05
      0.9270  3.0323E-05
      0.9290  3.0198E-05
      0.9310  3.0732E-05
      0.9330  3.0825E-05
      0.9350  3.0830E-05
      0.9370  3.0535E-05
      0.9390  3.0946E-05
      0.9410  3.0619E-05
      0.9430  3.1102E-05
      0.9450  3.0632E-05
      0.9470  3.1318E-05
      0.9490  3.1501E-05
      0.9510  3.1550E-05
      0.9530  3.1509E-05
      0.9550  3.1114E-05
      0.9570  3.1454E-05
      0.9590  3.2002E-05
      0.9610  3.1576E-05
      0.9630  3.1995E-05
      0.9650  3.0774E-05
      0.9670  3.1038E-05
      0.9690  3.1932E-05
      0.9710  3.1728E-05
      0.9730  3.1408E-05
      0.9750  3.1616E-05
      0.9770  3.1983E-05
      0.9790  3.1274E-05
      0.9810  3.2543E-05
      0.9830  3.2142E-05
      0.9850  3.2738E-05
      0.9870  3.2763E-05
      0.9890  3.2874E-05
      0.9910  3.2827E-05
      0.9930  3.2936E-05
      0.9950  3.3036E-05
      0.9970  3.3215E-05
      0.9990  3.3331E-05
      1.0025  3.3204E-05
      1.0075  3.3341E-05
      1.0125  3.3734E-05
      1.0175  3.3780E-05
      1.0225  3.4039E-05
      1.0275  3.4380E-05
      1.0325  3.4157E-05
      1.0375  3.4388E-05
      1.0425  3.4865E-05
      1.0475  3.4793E-05
      1.0525  3.5230E-05
      1.0575  3.5112E-05
      1.0625  3.5427E-05
      1.0675  3.5232E-05
      1.0725  3.5474E-05
      1.0775  3.5660E-05
      1.0825  3.5281E-05
      1.0875  3.5839E-05
      1.0925  3.6092E-05
      1.0975  3.5667E-05
      1.1025  3.5839E-05
      1.1075  3.6167E-05
      1.1125  3.6287E-05
      1.1175  3.6429E-05
      1.1225  3.6778E-05
      1.1275  3.6425E-05
      1.1325  3.6919E-05
      1.1375  3.6647E-05
      1.1425  3.6675E-05
      1.1475  3.7585E-05
      1.1525  3.7919E-05
      1.1575  3.7830E-05
      1.1625  3.7493E-05
      1.1675  3.7925E-05
      1.1725  3.8624E-05
      1.1775  3.8105E-05
      1.1825  3.8170E-05
      1.1875  3.8169E-05
      1.1925  3.9225E-05
      1.1975  3.8012E-05
      1.2025  3.9225E-05
      1.2075  3.9112E-05
      1.2125  3.9724E-05
      1.2175  4.0030E-05
      1.2225  4.0171E-05
      1.2275  4.0221E-05
      1.2325  4.0367E-05
      1.2375  4.0593E-05
      1.2425  4.0542E-05
      1.2475  4.0930E-05
      1.2525  4.0844E-05
      1.2575  4.1215E-05
      1.2625  4.1313E-05
      1.2675  4.1262E-05
      1.2725  4.1674E-05
      1.2775  4.1984E-05
      1.2825  4.1105E-05
      1.2875  4.1960E-05
      1.2925  4.1709E-05
      1.2975  4.2566E-05
      1.3025  4.2547E-05
      1.3075  4.2937E-05
      1.3125  4.2033E-05
      1.3175  4.2586E-05
      1.3225  4.3359E-05
      1.3275  4.3036E-05
      1.3325  4.3037E-05
      1.3375  4.3025E-05
      1.3425  4.3191E-05
      1.3475  4.3643E-05
      1.3525  4.3653E-05
      1.3575  4.3649E-05
      1.3625  4.3561E-05
      1.3675  4.4379E-05
      1.3725  4.4832E-05
      1.3775  4.4925E-05
      1.3825  4.5260E-05
      1.3875  4.4882E-05
      1.3925  4.3330E-05
      1.3975  4.4415E-05
      1.4025  4.4700E-05
      1.4075  4.5277E-05
      1.4125  4.4793E-05
      1.4175  4.5376E-05
      1.4225  4.5356E-05
      1.4275  4.4393E-05
      1.4325  4.5999E-05
      1.4375  4.6252E-05
      1.4425  4.6051E-05
      1.4475  4.7036E-05
      1.4525  4.6688E-05
      1.4570  4.6919E-05
      1.4620  4.5960E-05
      1.4675  4.6468E-05
      1.4725  4.6945E-05
      1.4775  4.7219E-05
      1.4825  4.7904E-05
      1.4875  4.6915E-05
      1.4925  4.9194E-05
      1.4975  4.9555E-05
      1.5025  4.6430E-05
      1.5075  4.8426E-05
      1.5125  4.9892E-05
      1.5175  5.0482E-05
      1.5225  5.0987E-05
      1.5275  5.0864E-05
      1.5325  5.1766E-05
      1.5375  5.1468E-05
      1.5425  5.1227E-05
      1.5475  5.3215E-05
      1.5525  5.2242E-05
      1.5575  5.2589E-05
      1.5625  5.4035E-05
      1.5675  5.3525E-05
      1.5725  5.3535E-05
      1.5775  5.1389E-05
      1.5825  5.4337E-05
      1.5875  5.3201E-05
      1.5925  5.4860E-05
      1.5975  5.5621E-05
      1.6050  5.5761E-05
      1.6150  5.6065E-05
      1.6250  5.6158E-05
      1.6350  5.7046E-05
      1.6450  5.6805E-05
      1.6550  5.7647E-05
      1.6650  5.6896E-05
      1.6750  5.5797E-05
      1.6850  5.6077E-05
      1.6950  5.6397E-05
      1.7050  5.5183E-05
      1.7150  5.3827E-05
      1.7250  5.3803E-05
      1.7350  5.2966E-05
      1.7450  5.2845E-05
      1.7550  5.1939E-05
      1.7650  5.1549E-05
      1.7750  5.0611E-05
      1.7850  5.0087E-05
      1.7950  4.9896E-05
      1.8050  4.8485E-05
      1.8150  4.8521E-05
      1.8250  4.7679E-05
      1.8350  4.7601E-05
      1.8450  4.5983E-05
      1.8550  4.5843E-05
      1.8650  4.5616E-05
      1.8750  4.5013E-05
      1.8850  4.5586E-05
      1.8950  4.4270E-05
      1.9050  4.5204E-05
      1.9150  4.4882E-05
      1.9250  4.4819E-05
      1.9350  4.3455E-05
      1.9450  4.3039E-05
      1.9550  4.3532E-05
      1.9650  4.3363E-05
      1.9750  4.1610E-05
      1.9850  4.1700E-05
      1.9950  4.1505E-05
      2.0050  4.2153E-05
      2.0150  4.1737E-05
      2.0250  4.0989E-05
      2.0350  4.0955E-05
      2.0450  4.1018E-05
      2.0550  4.0617E-05
      2.0650  3.9996E-05
      2.0750  4.0241E-05
      2.0850  3.9697E-05
      2.0950  3.9337E-05
      2.1050  3.9551E-05
      2.1150  3.9290E-05
      2.1250  3.9176E-05
      2.1350  3.9240E-05
      2.1450  3.9090E-05
      2.1550  3.8927E-05
      2.1650  3.8818E-05
      2.1750  3.8273E-05
      2.1850  3.8326E-05
      2.1950  3.8273E-05
      2.2050  3.7142E-05
      2.2150  3.8203E-05
      2.2250  3.7264E-05
      2.2350  3.7386E-05
      2.2450  3.7300E-05
      2.2550  3.7269E-05
      2.2650  3.6495E-05
      2.2750  3.6894E-05
      2.2850  3.6236E-05
      2.2950  3.2663E-05
      2.3050  3.4361E-05
      2.3150  3.4345E-05
      2.3250  3.0946E-05
      2.3350  3.2330E-05
      2.3450  3.2952E-05
      2.3550  2.9624E-05
      2.3650  3.1636E-05
      2.3750  3.1667E-05
      2.3850  2.8700E-05
      2.3950  3.0274E-05
      2.4050  3.0232E-05
      2.4150  2.8044E-05
      2.4250  2.8812E-05
      2.4350  2.8914E-05
      2.4450  2.7390E-05
      2.4550  2.6988E-05
      2.4650  2.7508E-05
      2.4750  2.6627E-05
      2.4850  2.5713E-05
      2.4950  2.6309E-05
      2.5050  2.6088E-05
      2.5150  2.4982E-05
      2.5250  2.4551E-05
      2.5350  2.4949E-05
      2.5450  2.4898E-05
      2.5550  2.5011E-05
      2.5650  2.4423E-05
      2.5750  2.4981E-05
      2.5850  2.4592E-05
      2.5950  2.4829E-05
      2.6050  2.4920E-05
      2.6150  2.5491E-05
      2.6250  2.5061E-05
      2.6350  2.5202E-05
      2.6450  2.5011E-05
      2.6550  2.4619E-05
      2.6650  2.4700E-05
      2.6750  2.4680E-05
      2.6850  2.4650E-05
      2.6950  2.3923E-05
      2.7050  2.4121E-05
      2.7150  2.3647E-05
      2.7250  2.3307E-05
      2.7350  2.3191E-05
      2.7450  2.3404E-05
      2.7550  2.2751E-05
      2.7650  2.2729E-05
      2.7750  2.2785E-05
      2.7850  2.2250E-05
      2.7950  2.2423E-05
      2.8050  2.1203E-05
      2.8150  2.1723E-05
      2.8250  2.1602E-05
      2.8350  2.1478E-05
      2.8450  2.1849E-05
      2.8550  2.1137E-05
      2.8650  2.1559E-05
      2.8750  2.1296E-05
      2.8850  2.1022E-05
      2.8950  2.1257E-05
      2.9050  2.0414E-05
      2.9150  2.1290E-05
      2.9250  1.9659E-05
      2.9350  2.0976E-05
      2.9450  1.9294E-05
      2.9550  2.0462E-05
      2.9650  1.9498E-05
      2.9750  2.0254E-05
      2.9850  1.9316E-05
      2.9950  2.0202E-05
      3.0050  1.8982E-05
      3.0150  2.0168E-05
      3.0250  1.8985E-05
      3.0350  1.9735E-05
      3.0450  1.8865E-05
      3.0550  1.9454E-05
      3.0650  1.9298E-05
      3.0750  1.9019E-05
      3.0850  1.8881E-05
      3.0950  1.8596E-05
      3.1050  1.9165E-05
      3.1150  1.8520E-05
      3.1250  1.9010E-05
      3.1350  1.8314E-05
      3.1450  1.8690E-05
      3.1550  1.8512E-05
      3.1650  1.8764E-05
      3.1750  1.8385E-05
      3.1850  1.8517E-05
      3.1950  1.8332E-05
      3.2100  1.8564E-05
      3.2300  1.8214E-05
      3.2500  1.8359E-05
      3.2700  1.8202E-05
      3.2900  1.8010E-05
      3.3100  1.8118E-05
      3.3300  1.7866E-05
      3.3500  1.7871E-05
      3.3700  1.7908E-05
      3.3900  1.7540E-05
      3.4100  1.7592E-05
      3.4300  1.7737E-05
      3.4500  1.7217E-05
      3.4700  1.7448E-05
      3.4900  1.7300E-05
      3.5100  1.7044E-05
      3.5300  1.6927E-05
      3.5500  1.6991E-05
      3.5700  1.6644E-05
      3.5900  1.6583E-05
      3.6100  1.6668E-05
      3.6300  1.6348E-05
      3.6500  1.6255E-05
      3.6700  1.6163E-05
      3.6900  1.6012E-05
      3.7100  1.5778E-05
      3.7300  1.5759E-05
      3.7500  1.5739E-05
      3.7700  1.5416E-05
      3.7900  1.5526E-05
      3.8100  1.5274E-05
      3.8300  1.5169E-05
      3.8500  1.5062E-05
      3.8700  1.4975E-05
      3.8900  1.4769E-05
      3.9100  1.4679E-05
      3.9300  1.4559E-05
      3.9500  1.4476E-05
      3.9700  1.4329E-05
      3.9900  1.3937E-05
      4.0100  1.3949E-05
      4.0300  1.3867E-05
      4.0500  1.3506E-05
      4.0700  1.3388E-05
      4.0900  1.3249E-05
      4.1100  1.3210E-05
      4.1300  1.2989E-05
      4.1500  1.2980E-05
      4.1700  1.2673E-05
      4.1900  1.2735E-05
      4.2100  1.2436E-05
      4.2300  1.2552E-05
      4.2500  1.2294E-05
      4.2700  1.2253E-05
      4.2900  1.1765E-05
      4.3100  1.1166E-05
      4.3300  1.1365E-05
      4.3500  1.0793E-05
      4.3700  1.0557E-05
      4.3900  1.0450E-05
      4.4100  1.0026E-05
      4.4300  9.9335E-06
      4.4500  9.8573E-06
      4.4700  9.5208E-06
      4.4900  9.5700E-06
      4.5100  9.3875E-06
      4.5300  9.2081E-06
      4.5500  9.2674E-06
      4.5700  9.2477E-06
      4.5900  8.9850E-06
      4.6100  9.0944E-06
      4.6300  8.9915E-06
      4.6500  9.0469E-06
      4.6700  9.0306E-06
      4.6900  8.9577E-06
      4.7100  8.8887E-06
      4.7300  8.9615E-06
      4.7500  8.8431E-06
      4.7700  8.7591E-06
      4.7900  8.7819E-06
      4.8100  8.5737E-06
      4.8300  8.7712E-06
      4.8500  8.6161E-06
      4.8700  8.4756E-06
      4.8900  8.4182E-06
      4.9100  8.4839E-06
      4.9300  8.3155E-06
      4.9500  8.2864E-06
      4.9700  8.2615E-06
      4.9900  8.2369E-06
      5.0100  8.0437E-06
      5.0300  8.0819E-06
      5.0500  8.0064E-06
      5.0700  8.0075E-06
      5.0900  7.9320E-06
      5.1100  7.8760E-06
      5.1300  7.8745E-06
      5.1500  7.8419E-06
      5.1700  7.7587E-06
      5.1900  7.7220E-06
      5.2100  7.7267E-06
      5.2300  7.6415E-06
      5.2500  7.5956E-06
      5.2700  7.6485E-06
      5.2900  7.4798E-06
      5.3100  7.5045E-06
      5.3300  7.4201E-06
      5.3500  7.4165E-06
      5.3700  7.3648E-06
      5.3900  7.3988E-06
      5.4100  7.3210E-06
      5.4300  7.1378E-06
      5.4500  7.2675E-06
      5.4700  7.2002E-06
      5.4900  7.1932E-06
      5.5100  7.1318E-06
      5.5300  7.1756E-06
      5.5500  7.0130E-06
      5.5700  7.0589E-06
      5.5900  7.0446E-06
      5.6100  6.9789E-06
      5.6300  6.9090E-06
      5.6500  6.9443E-06
      5.6700  6.8831E-06
      5.6900  6.7784E-06
      5.7100  6.8611E-06
      5.7300  6.7334E-06
      5.7500  6.8428E-06
      5.7700  6.7255E-06
      5.7900  6.6836E-06
      5.8100  6.7049E-06
      5.8300  6.6124E-06
      5.8500  6.6080E-06
      5.8700  6.5772E-06
      5.8900  6.5603E-06
      5.9100  6.5134E-06
      5.9300  6.5196E-06
      5.9500  6.4786E-06
      5.9700  6.4401E-06
      5.9900  6.4337E-06
      6.0100  6.4467E-06
      6.0300  6.3329E-06
      6.0500  6.2702E-06
      6.0700  6.3195E-06
      6.0900  6.2980E-06
      6.1100  6.1946E-06
      6.1300  6.2800E-06
      6.1500  6.1865E-06
      6.1700  6.1751E-06
      6.1900  6.1535E-06
      6.2100  6.1271E-06
      6.2300  6.1193E-06
      6.2500  6.0386E-06
      6.2700  5.9950E-06
      6.2900  6.0069E-06
      6.3100  5.9419E-06
      6.3300  5.9436E-06
      6.3500  5.8454E-06
      6.3700  5.8724E-06
      6.3900  5.8010E-06
      6.4200  5.7229E-06
      6.4600  5.5315E-06
      6.5000  5.4318E-06
      6.5400  5.3393E-06
      6.5800  5.1871E-06
      6.6200  5.1112E-06
      6.6600  5.0805E-06
      6.7000  4.9948E-06
      6.7400  4.9790E-06
      6.7800  4.8602E-06
      6.8200  4.8097E-06
      6.8600  4.8293E-06
      6.9000  4.7487E-06
      6.9400  4.6811E-06
      6.9800  4.7038E-06
      7.0200  4.6039E-06
      7.0600  4.5718E-06
      7.1000  4.5194E-06
      7.1400  4.4913E-06
      7.1800  4.4789E-06
      7.2200  4.3790E-06
      7.2600  4.3537E-06
      7.3000  4.3424E-06
      7.3400  4.2788E-06
      7.3800  4.2633E-06
      7.4200  4.1875E-06
      7.4600  4.1891E-06
      7.5000  4.1366E-06
      7.5400  4.0892E-06
      7.5800  3.9937E-06
      7.6200  3.9274E-06
      7.6600  3.8814E-06
      7.7000  3.8614E-06
      7.7400  3.7636E-06
      7.7800  3.7470E-06
      7.8200  3.6889E-06
      7.8600  3.6475E-06
      7.9000  3.5926E-06
      7.9400  3.5778E-06
      7.9800  3.5162E-06
      8.0200  3.5141E-06
      8.0600  3.4603E-06
      8.1000  3.4319E-06
      8.1400  3.4181E-06
      8.1800  3.3934E-06
      8.2200  3.3508E-06
      8.2600  3.3517E-06
      8.3000  3.2998E-06
      8.3400  3.2715E-06
      8.3800  3.2309E-06
      8.4200  3.2456E-06
      8.4600  3.2009E-06
      8.5000  3.1687E-06
      8.5400  3.1633E-06
      8.5800  3.1275E-06
      8.6200  3.1126E-06
      8.6600  3.0806E-06
      8.7000  3.0829E-06
      8.7400  3.0304E-06
      8.7800  3.0088E-06
      8.8200  2.9853E-06
      8.8600  2.9728E-06
      8.9000  2.9513E-06
      8.9400  2.9302E-06
      8.9800  2.8976E-06
      9.0200  2.8976E-06
      9.0600  2.8791E-06
      9.1000  2.8562E-06
      9.1400  2.8271E-06
      9.1800  2.8113E-06
      9.2200  2.7858E-06
      9.2600  2.7626E-06
      9.3000  2.7549E-06
      9.3400  2.7309E-06
      9.3800  2.7044E-06
      9.4200  2.6846E-06
      9.4600  2.6599E-06
      9.5000  2.6513E-06
      9.5400  2.6519E-06
      9.5800  2.6039E-06
      9.6200  2.5906E-06
      9.6600  2.5652E-06
      9.7000  2.5559E-06
      9.7400  2.5421E-06
      9.7800  2.5169E-06
      9.8200  2.5059E-06
      9.8600  2.4899E-06
      9.9000  2.4349E-06
      9.9400  2.4435E-06
      9.9800  2.4247E-06
     10.0200  2.4071E-06
     20.0000  6.5549E-07
     40.0000  1.6899E-07
     60.0000  7.5435E-08
     80.0000  4.2427E-08
    100.0000  2.7108E-08
    120.0000  1.8784E-08
    140.0000  1.3770E-08
    160.0000  1.0519E-08
    174.6139  9.2398E-09
    190.5626  7.7646E-09
    207.9679  6.5245E-09
    226.9631  5.4821E-09
    247.6931  4.6059E-09
    270.3167  3.8696E-09
    295.0065  3.2508E-09
    321.9514  2.7308E-09
    351.3575  2.2939E-09
    383.4493  1.9268E-09
    418.4724  1.6185E-09
    456.6943  1.3594E-09
    498.4073  1.1417E-09
    543.9302  9.5891E-10
    593.6111  8.0534E-10
    647.8296  6.7635E-10
    707.0003  5.6801E-10
    771.5754  4.7701E-10
    842.0486  4.0059E-10
    918.9587  3.3640E-10
   1002.8934  2.8250E-10
   1094.4945  2.3723E-10
   1194.4622  1.9921E-10
   1303.5604  1.6728E-10
   1422.6235  1.4047E-10
   1552.5614  1.1795E-10
   1694.3674  9.9043E-11
   1849.1255  8.3166E-11
   2018.0187  6.9834E-11
   2202.3381  5.8638E-11
   2403.4927  4.9237E-11
   2623.0200  4.1343E-11
   2862.5981  3.4714E-11
   3124.0588  2.9148E-11
   3409.4001  2.4475E-11
   3720.8040  2.0550E-11
   4060.6504  1.7255E-11
   4431.5371  1.4488E-11
   4836.2993  1.2165E-11
   5278.0317  1.0214E-11
   5760.1104  8.5764E-12
   6286.2202  7.2011E-12
   6860.3833  6.0463E-12
   7486.9888  5.0767E-12
   8170.8267  4.2626E-12
   8917.1240  3.5790E-12
   9731.5850  3.0051E-12
  10620.4375  2.5232E-12
  11590.4736  2.1185E-12
  12649.1104  1.7788E-12
  13804.4395  1.4935E-12
  15065.2930  1.2540E-12
  16441.3086  1.0529E-12
  17943.0059  8.8403E-13
  19581.8613  7.4226E-13
  21370.4062  6.2322E-13
  23322.3125  5.2327E-13
  25452.4961  4.3935E-13
  27777.2461  3.6889E-13
  30314.3320  3.0973E-13
  33083.1445  2.6005E-13
  36104.8555  2.1835E-13
  39402.5547  1.8333E-13
  43001.4609  1.5393E-13
  46929.0742  1.2924E-13
  51215.4258  1.0851E-13
  55893.2812  9.1110E-14
  60998.3945  7.6498E-14
  66569.7891  6.4230E-14
  72650.0625  5.3929E-14
  79285.6875  4.5280E-14
  86527.3906  3.8018E-14
  94430.5234  3.1920E-14
 103055.5078  2.6801E-14
 112468.2656  2.2503E-14
 122740.7578  1.8894E-14
 133951.5000  1.5864E-14
 146186.2031  1.3319E-14
 159538.3906  1.1183E-14
 174110.1094  9.3896E-15
 190012.7656  7.8837E-15
 207367.9375  6.6193E-15
 226308.2500  5.5577E-15
 246978.5312  4.6664E-15
 269536.7500  3.9180E-15
 294155.3750  3.2896E-15
 321022.5938  2.7620E-15
 350343.7812  2.3191E-15
 382343.0625  1.9471E-15
 417265.0312  1.6348E-15
 455376.6875  1.3726E-15
 496969.3438  1.1525E-15
 542360.9375  9.6766E-16
 591898.4375  8.1247E-16
 645960.5625  6.8216E-16
 704960.5000  5.7276E-16
 769349.3750  4.8090E-16
 839619.2500  4.0377E-16
 916307.4375  3.3901E-16
1000000.0000  2.8464E-16
