# Temperature =  4000.0 K   Log[g] =  3.5   Log[Z/H] =  0.0
      0.0091  0.0000E+00
      0.0093  0.0000E+00
      0.0096  0.0000E+00
      0.0098  0.0000E+00
      0.0100  0.0000E+00
      0.0102  0.0000E+00
      0.0104  0.0000E+00
      0.0106  0.0000E+00
      0.0108  0.0000E+00
      0.0110  0.0000E+00
      0.0114  0.0000E+00
      0.0118  0.0000E+00
      0.0121  0.0000E+00
      0.0125  0.0000E+00
      0.0127  0.0000E+00
      0.0128  0.0000E+00
      0.0131  0.0000E+00
      0.0132  0.0000E+00
      0.0134  0.0000E+00
      0.0137  0.0000E+00
      0.0140  0.0000E+00
      0.0143  0.0000E+00
      0.0147  0.0000E+00
      0.0151  0.0000E+00
      0.0155  0.0000E+00
      0.0159  0.0000E+00
      0.0162  0.0000E+00
      0.0166  0.0000E+00
      0.0170  0.0000E+00
      0.0173  0.0000E+00
      0.0177  0.0000E+00
      0.0180  0.0000E+00
      0.0182  0.0000E+00
      0.0186  0.0000E+00
      0.0191  0.0000E+00
      0.0194  0.0000E+00
      0.0198  0.0000E+00
      0.0202  0.0000E+00
      0.0205  0.0000E+00
      0.0211  0.0000E+00
      0.0216  0.0000E+00
      0.0220  0.0000E+00
      0.0223  0.0000E+00
      0.0227  0.0000E+00
      0.0230  0.0000E+00
      0.0234  0.0000E+00
      0.0240  0.0000E+00
      0.0247  0.0000E+00
      0.0252  0.0000E+00
      0.0257  0.0000E+00
      0.0260  0.0000E+00
      0.0264  0.0000E+00
      0.0269  0.0000E+00
      0.0273  0.0000E+00
      0.0279  0.0000E+00
      0.0284  0.0000E+00
      0.0290  0.0000E+00
      0.0296  0.0000E+00
      0.0301  0.0000E+00
      0.0308  0.0000E+00
      0.0318  0.0000E+00
      0.0328  0.0000E+00
      0.0338  0.0000E+00
      0.0348  0.0000E+00
      0.0357  0.0000E+00
      0.0366  0.0000E+00
      0.0375  0.0000E+00
      0.0385  0.0000E+00
      0.0395  0.0000E+00
      0.0405  0.0000E+00
      0.0414  0.0000E+00
      0.0422  0.0000E+00
      0.0430  0.0000E+00
      0.0441  0.0000E+00
      0.0451  0.0000E+00
      0.0460  0.0000E+00
      0.0470  0.0000E+00
      0.0480  0.0000E+00
      0.0490  0.0000E+00
      0.0500  0.0000E+00
      0.0506  0.0000E+00
      0.0512  0.0000E+00
      0.0520  0.0000E+00
      0.0530  0.0000E+00
      0.0540  0.0000E+00
      0.0550  0.0000E+00
      0.0560  0.0000E+00
      0.0570  0.0000E+00
      0.0580  0.0000E+00
      0.0590  0.0000E+00
      0.0600  0.0000E+00
      0.0610  0.0000E+00
      0.0620  0.0000E+00
      0.0630  0.0000E+00
      0.0640  0.0000E+00
      0.0650  0.0000E+00
      0.0658  0.0000E+00
      0.0665  0.0000E+00
      0.0675  0.0000E+00
      0.0685  0.0000E+00
      0.0695  0.0000E+00
      0.0705  0.0000E+00
      0.0716  0.0000E+00
      0.0726  0.0000E+00
      0.0735  0.0000E+00
      0.0745  0.0000E+00
      0.0755  0.0000E+00
      0.0765  0.0000E+00
      0.0775  0.0000E+00
      0.0785  0.0000E+00
      0.0795  0.0000E+00
      0.0805  0.0000E+00
      0.0815  0.0000E+00
      0.0825  0.0000E+00
      0.0835  0.0000E+00
      0.0845  0.0000E+00
      0.0855  0.0000E+00
      0.0865  0.0000E+00
      0.0875  0.0000E+00
      0.0885  0.0000E+00
      0.0895  0.0000E+00
      0.0905  0.0000E+00
      0.0915  0.0000E+00
      0.0925  0.0000E+00
      0.0935  0.0000E+00
      0.0945  0.0000E+00
      0.0955  0.0000E+00
      0.0965  0.0000E+00
      0.0975  0.0000E+00
      0.0985  0.0000E+00
      0.0995  0.0000E+00
      0.1005  0.0000E+00
      0.1015  0.0000E+00
      0.1025  0.0000E+00
      0.1035  0.0000E+00
      0.1045  0.0000E+00
      0.1055  0.0000E+00
      0.1065  0.0000E+00
      0.1075  0.0000E+00
      0.1085  0.0000E+00
      0.1095  0.0000E+00
      0.1105  0.0000E+00
      0.1115  0.0000E+00
      0.1125  0.0000E+00
      0.1135  0.0000E+00
      0.1145  0.0000E+00
      0.1155  0.0000E+00
      0.1165  0.0000E+00
      0.1175  0.0000E+00
      0.1185  0.0000E+00
      0.1195  0.0000E+00
      0.1205  0.0000E+00
      0.1215  0.0000E+00
      0.1225  0.0000E+00
      0.1235  0.0000E+00
      0.1245  0.0000E+00
      0.1255  0.0000E+00
      0.1265  0.0000E+00
      0.1275  0.0000E+00
      0.1285  0.0000E+00
      0.1295  0.0000E+00
      0.1305  0.0000E+00
      0.1315  0.0000E+00
      0.1325  0.0000E+00
      0.1335  0.0000E+00
      0.1345  0.0000E+00
      0.1355  0.0000E+00
      0.1365  0.0000E+00
      0.1375  0.0000E+00
      0.1385  0.0000E+00
      0.1395  0.0000E+00
      0.1405  0.0000E+00
      0.1415  0.0000E+00
      0.1425  0.0000E+00
      0.1435  0.0000E+00
      0.1442  0.0000E+00
      0.1447  0.0000E+00
      0.1455  0.0000E+00
      0.1465  0.0000E+00
      0.1475  0.0000E+00
      0.1485  0.0000E+00
      0.1495  2.3815E-17
      0.1505  3.4747E-17
      0.1512  0.0000E+00
      0.1517  3.5446E-17
      0.1525  5.3586E-17
      0.1535  1.2407E-16
      0.1545  9.8253E-17
      0.1555  1.5864E-16
      0.1565  1.4489E-16
      0.1575  3.0659E-16
      0.1585  3.1128E-16
      0.1595  2.9728E-16
      0.1605  3.1138E-16
      0.1615  3.1871E-16
      0.1625  3.1817E-16
      0.1635  4.3741E-16
      0.1645  6.0718E-16
      0.1655  5.1253E-16
      0.1665  8.5593E-16
      0.1672  7.1432E-16
      0.1677  1.1477E-15
      0.1685  1.5679E-15
      0.1695  2.2753E-15
      0.1705  2.4888E-15
      0.1715  2.7617E-15
      0.1725  3.8949E-15
      0.1735  4.5020E-15
      0.1745  6.4184E-15
      0.1755  6.5031E-15
      0.1765  8.5048E-15
      0.1775  7.8422E-15
      0.1785  1.5553E-14
      0.1795  1.2475E-14
      0.1805  2.3400E-14
      0.1815  1.6398E-14
      0.1825  2.7407E-14
      0.1835  2.4088E-14
      0.1845  3.7920E-14
      0.1855  2.8656E-14
      0.1865  5.1697E-14
      0.1875  4.8118E-14
      0.1885  6.3017E-14
      0.1895  7.8693E-14
      0.1905  8.4445E-14
      0.1915  1.2307E-13
      0.1925  1.0571E-13
      0.1935  7.8601E-14
      0.1945  1.5411E-13
      0.1955  2.2265E-13
      0.1967  2.4208E-13
      0.1976  2.8467E-13
      0.1984  3.7234E-13
      0.1995  3.3411E-13
      0.2005  4.0621E-13
      0.2015  4.6516E-13
      0.2025  4.4684E-13
      0.2035  5.6433E-13
      0.2045  5.9272E-13
      0.2055  7.1974E-13
      0.2065  6.9267E-13
      0.2074  6.3063E-13
      0.2078  8.7736E-13
      0.2085  1.0835E-12
      0.2095  1.5186E-12
      0.2105  1.6436E-12
      0.2115  1.6584E-12
      0.2125  1.9710E-12
      0.2135  2.5688E-12
      0.2145  1.9441E-12
      0.2155  2.5316E-12
      0.2165  2.4947E-12
      0.2175  2.7603E-12
      0.2185  2.5843E-12
      0.2195  4.4856E-12
      0.2205  3.7328E-12
      0.2215  4.6707E-12
      0.2225  4.0366E-12
      0.2235  7.0029E-12
      0.2245  7.9465E-12
      0.2255  1.0097E-11
      0.2265  5.3970E-12
      0.2275  1.1281E-11
      0.2285  1.0367E-11
      0.2295  1.7800E-11
      0.2305  6.6319E-12
      0.2315  2.3808E-11
      0.2325  1.8101E-11
      0.2335  2.9156E-11
      0.2345  1.7944E-11
      0.2355  1.5698E-11
      0.2365  2.1804E-11
      0.2375  2.1115E-11
      0.2385  3.7713E-11
      0.2395  3.5503E-11
      0.2405  6.5311E-11
      0.2415  3.9225E-11
      0.2425  5.1527E-11
      0.2435  7.7258E-11
      0.2445  1.0748E-10
      0.2455  1.2594E-10
      0.2465  8.0415E-11
      0.2475  1.4884E-10
      0.2485  5.7417E-11
      0.2495  6.6683E-11
      0.2505  1.3314E-10
      0.2513  9.4245E-11
      0.2518  1.0865E-10
      0.2525  1.3505E-10
      0.2535  2.7984E-10
      0.2545  3.5034E-10
      0.2555  3.7326E-10
      0.2565  2.1084E-10
      0.2575  3.3697E-10
      0.2585  2.5314E-10
      0.2595  3.1074E-10
      0.2605  4.2649E-10
      0.2615  3.9592E-10
      0.2625  6.0326E-10
      0.2635  9.0284E-10
      0.2645  7.4291E-10
      0.2655  9.8380E-10
      0.2665  9.0632E-10
      0.2675  7.9935E-10
      0.2685  1.0820E-09
      0.2695  8.0031E-10
      0.2705  1.2715E-09
      0.2715  1.2795E-09
      0.2725  1.1501E-09
      0.2735  1.2004E-09
      0.2745  1.6686E-09
      0.2755  1.5967E-09
      0.2765  2.1548E-09
      0.2775  2.7994E-09
      0.2785  1.9798E-09
      0.2795  2.5145E-09
      0.2805  2.6082E-09
      0.2815  2.9355E-09
      0.2825  3.1094E-09
      0.2835  2.8519E-09
      0.2845  2.2927E-09
      0.2855  1.1734E-09
      0.2865  3.4575E-09
      0.2875  3.7343E-09
      0.2885  5.3927E-09
      0.2895  6.0266E-09
      0.2910  7.0693E-09
      0.2930  7.8432E-09
      0.2950  8.1505E-09
      0.2970  8.3974E-09
      0.2990  9.8770E-09
      0.3010  1.0718E-08
      0.3030  1.3412E-08
      0.3050  1.5786E-08
      0.3070  1.8994E-08
      0.3090  1.9625E-08
      0.3110  3.1695E-08
      0.3130  3.0773E-08
      0.3150  5.3029E-08
      0.3170  8.0687E-08
      0.3190  5.8009E-08
      0.3210  7.5310E-08
      0.3230  7.1142E-08
      0.3250  1.2048E-07
      0.3270  1.7848E-07
      0.3290  2.3365E-07
      0.3310  1.7937E-07
      0.3330  2.0148E-07
      0.3350  1.8486E-07
      0.3370  1.1122E-07
      0.3390  1.4387E-07
      0.3410  1.7668E-07
      0.3430  2.0256E-07
      0.3450  1.8579E-07
      0.3470  1.8911E-07
      0.3490  2.7228E-07
      0.3510  3.8616E-07
      0.3530  3.5949E-07
      0.3550  5.3090E-07
      0.3570  2.2586E-07
      0.3590  2.0716E-07
      0.3610  3.4999E-07
      0.3630  4.9789E-07
      0.3640  5.5453E-07
      0.3650  6.5627E-07
      0.3670  8.6070E-07
      0.3690  6.6989E-07
      0.3710  5.2804E-07
      0.3730  2.2089E-07
      0.3750  2.9007E-07
      0.3770  7.0725E-07
      0.3790  7.9134E-07
      0.3810  6.8326E-07
      0.3830  2.9095E-07
      0.3850  4.8025E-07
      0.3870  4.5877E-07
      0.3890  5.5377E-07
      0.3910  8.1782E-07
      0.3930  2.8552E-07
      0.3950  5.6849E-07
      0.3970  4.0050E-07
      0.3990  1.4116E-06
      0.4010  1.9752E-06
      0.4030  1.5463E-06
      0.4050  1.6843E-06
      0.4070  1.5685E-06
      0.4090  2.2577E-06
      0.4110  1.5233E-06
      0.4130  1.6951E-06
      0.4150  1.6157E-06
      0.4170  1.5749E-06
      0.4190  1.7359E-06
      0.4210  1.5312E-06
      0.4230  9.4608E-07
      0.4250  1.7765E-06
      0.4270  1.7148E-06
      0.4290  1.7076E-06
      0.4310  1.9358E-06
      0.4330  2.8573E-06
      0.4350  3.0099E-06
      0.4370  3.2353E-06
      0.4390  2.7625E-06
      0.4410  2.9732E-06
      0.4430  3.1235E-06
      0.4450  3.3646E-06
      0.4470  3.7536E-06
      0.4490  4.0013E-06
      0.4510  4.7843E-06
      0.4530  3.8653E-06
      0.4550  4.3563E-06
      0.4570  4.8848E-06
      0.4590  4.6401E-06
      0.4610  4.9135E-06
      0.4630  4.8006E-06
      0.4650  4.7015E-06
      0.4670  5.1987E-06
      0.4690  5.0680E-06
      0.4710  4.8463E-06
      0.4730  4.8171E-06
      0.4750  4.8731E-06
      0.4770  3.9166E-06
      0.4790  4.2900E-06
      0.4810  4.9574E-06
      0.4830  5.1953E-06
      0.4850  5.5428E-06
      0.4870  5.4931E-06
      0.4890  5.9022E-06
      0.4910  6.0228E-06
      0.4930  5.7563E-06
      0.4950  5.7099E-06
      0.4970  4.8254E-06
      0.4990  4.6124E-06
      0.5010  3.8839E-06
      0.5030  4.4369E-06
      0.5050  4.2134E-06
      0.5070  4.2246E-06
      0.5090  4.0676E-06
      0.5110  4.3390E-06
      0.5130  4.1676E-06
      0.5150  3.9996E-06
      0.5170  3.6983E-06
      0.5190  3.9306E-06
      0.5210  4.7056E-06
      0.5230  7.1045E-06
      0.5250  7.4378E-06
      0.5270  6.6259E-06
      0.5290  8.1489E-06
      0.5310  9.1016E-06
      0.5330  7.8823E-06
      0.5350  8.7062E-06
      0.5370  8.7135E-06
      0.5390  8.5161E-06
      0.5410  8.6038E-06
      0.5430  8.6406E-06
      0.5450  8.4583E-06
      0.5470  8.3715E-06
      0.5490  8.7207E-06
      0.5510  8.3553E-06
      0.5530  9.3993E-06
      0.5550  9.8057E-06
      0.5570  9.6833E-06
      0.5590  9.1503E-06
      0.5610  9.0546E-06
      0.5630  9.4646E-06
      0.5650  1.0063E-05
      0.5670  9.8430E-06
      0.5690  1.0551E-05
      0.5710  1.0113E-05
      0.5730  1.1365E-05
      0.5750  1.1524E-05
      0.5770  1.1484E-05
      0.5790  1.1123E-05
      0.5810  1.1838E-05
      0.5830  1.2343E-05
      0.5850  1.1761E-05
      0.5870  1.1334E-05
      0.5890  6.7817E-06
      0.5910  1.0408E-05
      0.5930  1.1208E-05
      0.5950  1.1387E-05
      0.5970  1.1853E-05
      0.5990  1.2036E-05
      0.6010  1.2089E-05
      0.6030  1.2833E-05
      0.6050  1.3295E-05
      0.6070  1.3449E-05
      0.6090  1.3317E-05
      0.6110  1.3480E-05
      0.6130  1.2681E-05
      0.6150  1.3513E-05
      0.6170  1.1237E-05
      0.6190  1.2398E-05
      0.6210  1.2206E-05
      0.6230  1.1439E-05
      0.6250  1.1506E-05
      0.6270  1.2473E-05
      0.6290  1.3183E-05
      0.6310  1.3275E-05
      0.6330  1.3818E-05
      0.6350  1.4174E-05
      0.6370  1.4155E-05
      0.6390  1.4686E-05
      0.6410  1.4587E-05
      0.6430  1.4446E-05
      0.6450  1.4383E-05
      0.6470  1.4745E-05
      0.6490  1.4432E-05
      0.6510  1.5242E-05
      0.6530  1.5874E-05
      0.6550  1.5541E-05
      0.6570  1.5650E-05
      0.6590  1.5933E-05
      0.6610  1.6040E-05
      0.6630  1.6023E-05
      0.6650  1.5694E-05
      0.6670  1.5332E-05
      0.6690  1.4857E-05
      0.6710  1.4667E-05
      0.6730  1.4368E-05
      0.6750  1.4347E-05
      0.6770  1.5180E-05
      0.6790  1.4654E-05
      0.6810  1.5225E-05
      0.6830  1.5893E-05
      0.6850  1.6001E-05
      0.6870  1.6236E-05
      0.6890  1.6850E-05
      0.6910  1.7417E-05
      0.6930  1.7360E-05
      0.6950  1.7809E-05
      0.6970  1.8488E-05
      0.6990  1.8318E-05
      0.7010  1.8569E-05
      0.7030  1.9074E-05
      0.7050  1.8709E-05
      0.7070  1.6841E-05
      0.7090  1.6168E-05
      0.7110  1.6203E-05
      0.7130  1.4934E-05
      0.7150  1.4945E-05
      0.7170  1.5966E-05
      0.7190  1.6578E-05
      0.7210  1.6566E-05
      0.7230  1.7955E-05
      0.7250  1.8370E-05
      0.7270  1.9156E-05
      0.7290  1.9511E-05
      0.7310  1.9944E-05
      0.7330  2.0099E-05
      0.7350  2.0336E-05
      0.7370  2.1046E-05
      0.7390  2.1117E-05
      0.7410  2.1137E-05
      0.7430  2.1530E-05
      0.7450  2.1605E-05
      0.7470  2.1865E-05
      0.7490  2.1952E-05
      0.7510  2.2328E-05
      0.7530  2.2584E-05
      0.7550  2.2735E-05
      0.7570  2.2770E-05
      0.7590  2.2379E-05
      0.7610  2.2309E-05
      0.7630  2.2333E-05
      0.7650  2.2353E-05
      0.7670  2.1026E-05
      0.7690  2.1871E-05
      0.7710  2.1375E-05
      0.7730  2.2051E-05
      0.7750  2.1796E-05
      0.7770  2.2303E-05
      0.7790  2.2403E-05
      0.7810  2.2844E-05
      0.7830  2.2592E-05
      0.7850  2.2745E-05
      0.7870  2.3341E-05
      0.7890  2.3441E-05
      0.7910  2.3201E-05
      0.7930  2.3372E-05
      0.7950  2.3155E-05
      0.7970  2.4176E-05
      0.7990  2.4052E-05
      0.8010  2.4268E-05
      0.8030  2.4440E-05
      0.8050  2.4526E-05
      0.8070  2.4448E-05
      0.8090  2.4576E-05
      0.8110  2.4819E-05
      0.8130  2.5232E-05
      0.8150  2.5379E-05
      0.8170  2.5462E-05
      0.8190  2.4237E-05
      0.8210  2.4741E-05
      0.8230  2.5286E-05
      0.8250  2.5354E-05
      0.8270  2.5806E-05
      0.8290  2.5610E-05
      0.8310  2.5145E-05
      0.8330  2.5121E-05
      0.8350  2.5349E-05
      0.8370  2.5498E-05
      0.8390  2.4297E-05
      0.8410  2.5776E-05
      0.8430  2.4850E-05
      0.8450  2.5628E-05
      0.8470  2.5629E-05
      0.8490  2.5746E-05
      0.8510  2.4811E-05
      0.8530  2.5777E-05
      0.8550  2.2852E-05
      0.8570  2.6744E-05
      0.8590  2.6719E-05
      0.8610  2.6794E-05
      0.8630  2.7125E-05
      0.8650  2.7256E-05
      0.8670  2.3938E-05
      0.8690  2.6270E-05
      0.8710  2.7650E-05
      0.8730  2.7681E-05
      0.8750  2.7845E-05
      0.8770  2.7832E-05
      0.8790  2.8173E-05
      0.8810  2.7475E-05
      0.8830  2.7845E-05
      0.8850  2.8343E-05
      0.8870  2.7166E-05
      0.8890  2.7710E-05
      0.8910  2.8047E-05
      0.8930  2.7784E-05
      0.8950  2.7664E-05
      0.8970  2.7961E-05
      0.8990  2.8386E-05
      0.9010  2.7529E-05
      0.9030  2.8360E-05
      0.9050  2.9070E-05
      0.9070  2.9275E-05
      0.9090  2.8522E-05
      0.9110  2.8835E-05
      0.9130  2.9435E-05
      0.9150  2.9159E-05
      0.9170  2.9111E-05
      0.9190  2.9448E-05
      0.9210  2.9092E-05
      0.9230  2.9437E-05
      0.9250  2.9195E-05
      0.9270  2.9493E-05
      0.9290  2.9373E-05
      0.9310  2.9957E-05
      0.9330  3.0059E-05
      0.9350  3.0044E-05
      0.9370  2.9731E-05
      0.9390  3.0113E-05
      0.9410  2.9781E-05
      0.9430  3.0262E-05
      0.9450  2.9776E-05
      0.9470  3.0497E-05
      0.9490  3.0668E-05
      0.9510  3.0752E-05
      0.9530  3.0712E-05
      0.9550  3.0342E-05
      0.9570  3.0647E-05
      0.9590  3.1222E-05
      0.9610  3.0835E-05
      0.9630  3.1214E-05
      0.9650  3.0093E-05
      0.9670  3.0296E-05
      0.9690  3.1185E-05
      0.9710  3.1004E-05
      0.9730  3.0707E-05
      0.9750  3.0917E-05
      0.9770  3.1258E-05
      0.9790  3.0599E-05
      0.9810  3.1832E-05
      0.9830  3.1445E-05
      0.9850  3.2052E-05
      0.9870  3.2068E-05
      0.9890  3.2186E-05
      0.9910  3.2133E-05
      0.9930  3.2258E-05
      0.9950  3.2336E-05
      0.9970  3.2546E-05
      0.9990  3.2663E-05
      1.0025  3.2513E-05
      1.0075  3.2629E-05
      1.0125  3.3055E-05
      1.0175  3.3077E-05
      1.0225  3.3376E-05
      1.0275  3.3724E-05
      1.0325  3.3517E-05
      1.0375  3.3717E-05
      1.0425  3.4192E-05
      1.0475  3.4143E-05
      1.0525  3.4566E-05
      1.0575  3.4447E-05
      1.0625  3.4750E-05
      1.0675  3.4547E-05
      1.0725  3.4810E-05
      1.0775  3.4975E-05
      1.0825  3.4649E-05
      1.0875  3.5137E-05
      1.0925  3.5350E-05
      1.0975  3.4777E-05
      1.1025  3.4940E-05
      1.1075  3.5332E-05
      1.1125  3.5484E-05
      1.1175  3.5685E-05
      1.1225  3.6034E-05
      1.1275  3.5739E-05
      1.1325  3.6229E-05
      1.1375  3.5993E-05
      1.1425  3.6123E-05
      1.1475  3.6930E-05
      1.1525  3.7281E-05
      1.1575  3.7193E-05
      1.1625  3.6919E-05
      1.1675  3.7336E-05
      1.1725  3.8043E-05
      1.1775  3.7586E-05
      1.1825  3.7668E-05
      1.1875  3.7651E-05
      1.1925  3.8678E-05
      1.1975  3.7513E-05
      1.2025  3.8684E-05
      1.2075  3.8610E-05
      1.2125  3.9186E-05
      1.2175  3.9505E-05
      1.2225  3.9654E-05
      1.2275  3.9716E-05
      1.2325  3.9856E-05
      1.2375  4.0092E-05
      1.2425  4.0064E-05
      1.2475  4.0450E-05
      1.2525  4.0369E-05
      1.2575  4.0744E-05
      1.2625  4.0861E-05
      1.2675  4.0824E-05
      1.2725  4.1224E-05
      1.2775  4.1567E-05
      1.2825  4.0684E-05
      1.2875  4.1532E-05
      1.2925  4.1292E-05
      1.2975  4.2161E-05
      1.3025  4.2130E-05
      1.3075  4.2571E-05
      1.3125  4.1835E-05
      1.3175  4.2324E-05
      1.3225  4.3002E-05
      1.3275  4.2698E-05
      1.3325  4.2942E-05
      1.3375  4.3047E-05
      1.3425  4.3316E-05
      1.3475  4.3672E-05
      1.3525  4.3780E-05
      1.3575  4.3716E-05
      1.3625  4.3679E-05
      1.3675  4.4436E-05
      1.3725  4.4922E-05
      1.3775  4.4996E-05
      1.3825  4.5382E-05
      1.3875  4.5073E-05
      1.3925  4.3648E-05
      1.3975  4.4769E-05
      1.4025  4.4995E-05
      1.4075  4.5512E-05
      1.4125  4.5000E-05
      1.4175  4.5597E-05
      1.4225  4.5582E-05
      1.4275  4.4784E-05
      1.4325  4.6286E-05
      1.4375  4.6615E-05
      1.4425  4.6335E-05
      1.4475  4.7478E-05
      1.4525  4.7085E-05
      1.4570  4.7345E-05
      1.4620  4.6394E-05
      1.4675  4.6922E-05
      1.4725  4.7340E-05
      1.4775  4.7770E-05
      1.4825  4.8443E-05
      1.4875  4.7709E-05
      1.4925  4.9819E-05
      1.4975  5.0164E-05
      1.5025  4.7567E-05
      1.5075  4.9168E-05
      1.5125  5.0456E-05
      1.5175  5.1182E-05
      1.5225  5.1635E-05
      1.5275  5.1596E-05
      1.5325  5.2512E-05
      1.5375  5.2271E-05
      1.5425  5.2088E-05
      1.5475  5.3988E-05
      1.5525  5.3045E-05
      1.5575  5.3288E-05
      1.5625  5.4870E-05
      1.5675  5.4329E-05
      1.5725  5.4569E-05
      1.5775  5.2417E-05
      1.5825  5.5082E-05
      1.5875  5.3952E-05
      1.5925  5.5611E-05
      1.5975  5.6398E-05
      1.6050  5.6526E-05
      1.6150  5.7038E-05
      1.6250  5.7046E-05
      1.6350  5.7994E-05
      1.6450  5.7431E-05
      1.6550  5.8454E-05
      1.6650  5.7553E-05
      1.6750  5.6789E-05
      1.6850  5.6677E-05
      1.6950  5.7227E-05
      1.7050  5.5988E-05
      1.7150  5.4982E-05
      1.7250  5.4792E-05
      1.7350  5.3915E-05
      1.7450  5.4045E-05
      1.7550  5.3244E-05
      1.7650  5.2969E-05
      1.7750  5.2150E-05
      1.7850  5.1775E-05
      1.7950  5.1650E-05
      1.8050  5.0242E-05
      1.8150  5.0311E-05
      1.8250  4.9427E-05
      1.8350  4.9388E-05
      1.8450  4.7991E-05
      1.8550  4.7923E-05
      1.8650  4.7541E-05
      1.8750  4.6924E-05
      1.8850  4.7309E-05
      1.8950  4.5931E-05
      1.9050  4.6871E-05
      1.9150  4.6468E-05
      1.9250  4.6438E-05
      1.9350  4.5066E-05
      1.9450  4.4638E-05
      1.9550  4.5079E-05
      1.9650  4.4776E-05
      1.9750  4.3213E-05
      1.9850  4.3363E-05
      1.9950  4.3110E-05
      2.0050  4.3681E-05
      2.0150  4.3320E-05
      2.0250  4.2448E-05
      2.0350  4.2386E-05
      2.0450  4.2532E-05
      2.0550  4.1953E-05
      2.0650  4.1436E-05
      2.0750  4.1561E-05
      2.0850  4.1002E-05
      2.0950  4.0571E-05
      2.1050  4.0779E-05
      2.1150  4.0484E-05
      2.1250  4.0258E-05
      2.1350  4.0293E-05
      2.1450  4.0077E-05
      2.1550  3.9837E-05
      2.1650  3.9595E-05
      2.1750  3.9059E-05
      2.1850  3.9065E-05
      2.1950  3.8976E-05
      2.2050  3.7917E-05
      2.2150  3.8823E-05
      2.2250  3.7835E-05
      2.2350  3.7905E-05
      2.2450  3.7771E-05
      2.2550  3.7734E-05
      2.2650  3.6972E-05
      2.2750  3.7335E-05
      2.2850  3.6676E-05
      2.2950  3.2642E-05
      2.3050  3.4595E-05
      2.3150  3.4603E-05
      2.3250  3.0888E-05
      2.3350  3.2602E-05
      2.3450  3.3107E-05
      2.3550  2.9484E-05
      2.3650  3.1750E-05
      2.3750  3.1729E-05
      2.3850  2.8594E-05
      2.3950  3.0413E-05
      2.4050  3.0592E-05
      2.4150  2.8126E-05
      2.4250  2.9197E-05
      2.4350  2.9507E-05
      2.4450  2.7814E-05
      2.4550  2.7543E-05
      2.4650  2.8411E-05
      2.4750  2.7427E-05
      2.4850  2.6441E-05
      2.4950  2.7277E-05
      2.5050  2.7224E-05
      2.5150  2.5877E-05
      2.5250  2.5609E-05
      2.5350  2.6138E-05
      2.5450  2.6014E-05
      2.5550  2.6080E-05
      2.5650  2.5722E-05
      2.5750  2.6198E-05
      2.5850  2.5526E-05
      2.5950  2.5914E-05
      2.6050  2.5987E-05
      2.6150  2.6409E-05
      2.6250  2.5934E-05
      2.6350  2.6093E-05
      2.6450  2.5989E-05
      2.6550  2.5279E-05
      2.6650  2.5433E-05
      2.6750  2.5673E-05
      2.6850  2.5593E-05
      2.6950  2.4956E-05
      2.7050  2.5155E-05
      2.7150  2.4804E-05
      2.7250  2.4601E-05
      2.7350  2.4396E-05
      2.7450  2.4584E-05
      2.7550  2.4075E-05
      2.7650  2.4024E-05
      2.7750  2.4034E-05
      2.7850  2.3600E-05
      2.7950  2.3556E-05
      2.8050  2.2535E-05
      2.8150  2.2999E-05
      2.8250  2.2941E-05
      2.8350  2.2867E-05
      2.8450  2.3142E-05
      2.8550  2.2515E-05
      2.8650  2.2846E-05
      2.8750  2.2612E-05
      2.8850  2.2357E-05
      2.8950  2.2523E-05
      2.9050  2.1790E-05
      2.9150  2.2514E-05
      2.9250  2.1099E-05
      2.9350  2.2124E-05
      2.9450  2.0665E-05
      2.9550  2.1695E-05
      2.9650  2.0804E-05
      2.9750  2.1483E-05
      2.9850  2.0704E-05
      2.9950  2.1387E-05
      3.0050  2.0334E-05
      3.0150  2.1319E-05
      3.0250  2.0359E-05
      3.0350  2.0939E-05
      3.0450  2.0111E-05
      3.0550  2.0655E-05
      3.0650  2.0492E-05
      3.0750  2.0231E-05
      3.0850  2.0068E-05
      3.0950  1.9798E-05
      3.1050  2.0283E-05
      3.1150  1.9661E-05
      3.1250  2.0096E-05
      3.1350  1.9409E-05
      3.1450  1.9756E-05
      3.1550  1.9609E-05
      3.1650  1.9783E-05
      3.1750  1.9439E-05
      3.1850  1.9490E-05
      3.1950  1.9325E-05
      3.2100  1.9513E-05
      3.2300  1.9082E-05
      3.2500  1.9216E-05
      3.2700  1.9015E-05
      3.2900  1.8753E-05
      3.3100  1.8823E-05
      3.3300  1.8514E-05
      3.3500  1.8505E-05
      3.3700  1.8494E-05
      3.3900  1.8072E-05
      3.4100  1.8107E-05
      3.4300  1.8197E-05
      3.4500  1.7672E-05
      3.4700  1.7839E-05
      3.4900  1.7701E-05
      3.5100  1.7393E-05
      3.5300  1.7270E-05
      3.5500  1.7296E-05
      3.5700  1.6932E-05
      3.5900  1.6845E-05
      3.6100  1.6918E-05
      3.6300  1.6579E-05
      3.6500  1.6464E-05
      3.6700  1.6364E-05
      3.6900  1.6187E-05
      3.7100  1.5930E-05
      3.7300  1.5914E-05
      3.7500  1.5849E-05
      3.7700  1.5542E-05
      3.7900  1.5628E-05
      3.8100  1.5377E-05
      3.8300  1.5274E-05
      3.8500  1.5153E-05
      3.8700  1.5057E-05
      3.8900  1.4851E-05
      3.9100  1.4755E-05
      3.9300  1.4631E-05
      3.9500  1.4543E-05
      3.9700  1.4400E-05
      3.9900  1.4020E-05
      4.0100  1.3993E-05
      4.0300  1.3931E-05
      4.0500  1.3554E-05
      4.0700  1.3466E-05
      4.0900  1.3291E-05
      4.1100  1.3283E-05
      4.1300  1.3020E-05
      4.1500  1.3035E-05
      4.1700  1.2713E-05
      4.1900  1.2796E-05
      4.2100  1.2481E-05
      4.2300  1.2592E-05
      4.2500  1.2344E-05
      4.2700  1.2305E-05
      4.2900  1.1775E-05
      4.3100  1.1171E-05
      4.3300  1.1412E-05
      4.3500  1.0799E-05
      4.3700  1.0583E-05
      4.3900  1.0465E-05
      4.4100  9.9955E-06
      4.4300  9.9403E-06
      4.4500  9.8375E-06
      4.4700  9.4693E-06
      4.4900  9.5540E-06
      4.5100  9.3616E-06
      4.5300  9.1457E-06
      4.5500  9.2412E-06
      4.5700  9.2216E-06
      4.5900  8.9096E-06
      4.6100  9.0604E-06
      4.6300  8.9512E-06
      4.6500  9.0002E-06
      4.6700  8.9961E-06
      4.6900  8.9180E-06
      4.7100  8.8314E-06
      4.7300  8.9308E-06
      4.7500  8.8151E-06
      4.7700  8.7461E-06
      4.7900  8.7525E-06
      4.8100  8.5547E-06
      4.8300  8.7610E-06
      4.8500  8.6164E-06
      4.8700  8.4691E-06
      4.8900  8.4256E-06
      4.9100  8.4697E-06
      4.9300  8.3286E-06
      4.9500  8.2854E-06
      4.9700  8.2834E-06
      4.9900  8.2522E-06
      5.0100  8.0543E-06
      5.0300  8.1284E-06
      5.0500  8.0298E-06
      5.0700  8.0319E-06
      5.0900  7.9721E-06
      5.1100  7.8986E-06
      5.1300  7.9125E-06
      5.1500  7.8663E-06
      5.1700  7.8221E-06
      5.1900  7.7656E-06
      5.2100  7.7592E-06
      5.2300  7.6880E-06
      5.2500  7.6584E-06
      5.2700  7.7193E-06
      5.2900  7.5393E-06
      5.3100  7.5465E-06
      5.3300  7.4860E-06
      5.3500  7.4787E-06
      5.3700  7.4353E-06
      5.3900  7.4553E-06
      5.4100  7.3948E-06
      5.4300  7.2303E-06
      5.4500  7.3415E-06
      5.4700  7.2651E-06
      5.4900  7.2592E-06
      5.5100  7.1990E-06
      5.5300  7.2693E-06
      5.5500  7.0975E-06
      5.5700  7.1544E-06
      5.5900  7.1138E-06
      5.6100  7.0675E-06
      5.6300  6.9884E-06
      5.6500  7.0303E-06
      5.6700  6.9723E-06
      5.6900  6.8694E-06
      5.7100  6.9463E-06
      5.7300  6.8452E-06
      5.7500  6.9064E-06
      5.7700  6.8115E-06
      5.7900  6.7902E-06
      5.8100  6.7788E-06
      5.8300  6.7070E-06
      5.8500  6.7003E-06
      5.8700  6.6546E-06
      5.8900  6.6347E-06
      5.9100  6.5975E-06
      5.9300  6.5936E-06
      5.9500  6.5495E-06
      5.9700  6.5238E-06
      5.9900  6.5081E-06
      6.0100  6.5037E-06
      6.0300  6.4169E-06
      6.0500  6.3537E-06
      6.0700  6.3776E-06
      6.0900  6.3509E-06
      6.1100  6.2676E-06
      6.1300  6.3184E-06
      6.1500  6.2508E-06
      6.1700  6.2333E-06
      6.1900  6.2113E-06
      6.2100  6.1838E-06
      6.2300  6.1627E-06
      6.2500  6.0941E-06
      6.2700  6.0544E-06
      6.2900  6.0549E-06
      6.3100  5.9964E-06
      6.3300  5.9977E-06
      6.3500  5.9162E-06
      6.3700  5.9310E-06
      6.3900  5.8637E-06
      6.4200  5.8025E-06
      6.4600  5.6464E-06
      6.5000  5.5591E-06
      6.5400  5.4774E-06
      6.5800  5.3430E-06
      6.6200  5.2673E-06
      6.6600  5.2338E-06
      6.7000  5.1550E-06
      6.7400  5.1295E-06
      6.7800  5.0201E-06
      6.8200  4.9664E-06
      6.8600  4.9734E-06
      6.9000  4.8967E-06
      6.9400  4.8310E-06
      6.9800  4.8388E-06
      7.0200  4.7457E-06
      7.0600  4.7087E-06
      7.1000  4.6567E-06
      7.1400  4.6237E-06
      7.1800  4.6003E-06
      7.2200  4.5121E-06
      7.2600  4.4813E-06
      7.3000  4.4609E-06
      7.3400  4.3962E-06
      7.3800  4.3757E-06
      7.4200  4.3049E-06
      7.4600  4.2951E-06
      7.5000  4.2444E-06
      7.5400  4.1880E-06
      7.5800  4.0841E-06
      7.6200  4.0141E-06
      7.6600  3.9539E-06
      7.7000  3.9238E-06
      7.7400  3.8273E-06
      7.7800  3.7974E-06
      7.8200  3.7377E-06
      7.8600  3.6890E-06
      7.9000  3.6435E-06
      7.9400  3.6126E-06
      7.9800  3.5603E-06
      8.0200  3.5490E-06
      8.0600  3.5006E-06
      8.1000  3.4749E-06
      8.1400  3.4598E-06
      8.1800  3.4297E-06
      8.2200  3.3953E-06
      8.2600  3.3899E-06
      8.3000  3.3413E-06
      8.3400  3.3175E-06
      8.3800  3.2789E-06
      8.4200  3.2806E-06
      8.4600  3.2402E-06
      8.5000  3.2138E-06
      8.5400  3.2017E-06
      8.5800  3.1661E-06
      8.6200  3.1515E-06
      8.6600  3.1163E-06
      8.7000  3.1152E-06
      8.7400  3.0742E-06
      8.7800  3.0451E-06
      8.8200  3.0211E-06
      8.8600  3.0080E-06
      8.9000  2.9851E-06
      8.9400  2.9637E-06
      8.9800  2.9321E-06
      9.0200  2.9280E-06
      9.0600  2.9131E-06
      9.1000  2.8874E-06
      9.1400  2.8570E-06
      9.1800  2.8425E-06
      9.2200  2.8134E-06
      9.2600  2.7961E-06
      9.3000  2.7855E-06
      9.3400  2.7608E-06
      9.3800  2.7322E-06
      9.4200  2.7161E-06
      9.4600  2.6905E-06
      9.5000  2.6843E-06
      9.5400  2.6789E-06
      9.5800  2.6368E-06
      9.6200  2.6241E-06
      9.6600  2.5976E-06
      9.7000  2.5897E-06
      9.7400  2.5720E-06
      9.7800  2.5476E-06
      9.8200  2.5372E-06
      9.8600  2.5208E-06
      9.9000  2.4748E-06
      9.9400  2.4752E-06
      9.9800  2.4597E-06
     10.0200  2.4416E-06
     20.0000  6.5839E-07
     40.0000  1.6906E-07
     60.0000  7.5401E-08
     80.0000  4.2373E-08
    100.0000  2.7059E-08
    120.0000  1.8741E-08
    140.0000  1.3734E-08
    160.0000  1.0488E-08
    174.6139  9.2646E-09
    190.5626  7.7855E-09
    207.9679  6.5420E-09
    226.9631  5.4968E-09
    247.6931  4.6183E-09
    270.3167  3.8800E-09
    295.0065  3.2595E-09
    321.9514  2.7381E-09
    351.3575  2.3001E-09
    383.4493  1.9320E-09
    418.4724  1.6228E-09
    456.6943  1.3630E-09
    498.4073  1.1448E-09
    543.9302  9.6149E-10
    593.6111  8.0751E-10
    647.8296  6.7817E-10
    707.0003  5.6954E-10
    771.5754  4.7830E-10
    842.0486  4.0166E-10
    918.9587  3.3731E-10
   1002.8934  2.8325E-10
   1094.4945  2.3786E-10
   1194.4622  1.9974E-10
   1303.5604  1.6773E-10
   1422.6235  1.4084E-10
   1552.5614  1.1827E-10
   1694.3674  9.9309E-11
   1849.1255  8.3389E-11
   2018.0187  7.0021E-11
   2202.3381  5.8795E-11
   2403.4927  4.9369E-11
   2623.0200  4.1454E-11
   2862.5981  3.4807E-11
   3124.0588  2.9227E-11
   3409.4001  2.4540E-11
   3720.8040  2.0605E-11
   4060.6504  1.7301E-11
   4431.5371  1.4527E-11
   4836.2993  1.2198E-11
   5278.0317  1.0242E-11
   5760.1104  8.5994E-12
   6286.2202  7.2204E-12
   6860.3833  6.0625E-12
   7486.9888  5.0903E-12
   8170.8267  4.2740E-12
   8917.1240  3.5886E-12
   9731.5850  3.0131E-12
  10620.4375  2.5299E-12
  11590.4736  2.1242E-12
  12649.1104  1.7835E-12
  13804.4395  1.4975E-12
  15065.2930  1.2574E-12
  16441.3086  1.0557E-12
  17943.0059  8.8640E-13
  19581.8613  7.4425E-13
  21370.4062  6.2489E-13
  23322.3125  5.2467E-13
  25452.4961  4.4053E-13
  27777.2461  3.6988E-13
  30314.3320  3.1056E-13
  33083.1445  2.6075E-13
  36104.8555  2.1893E-13
  39402.5547  1.8382E-13
  43001.4609  1.5434E-13
  46929.0742  1.2959E-13
  51215.4258  1.0881E-13
  55893.2812  9.1355E-14
  60998.3945  7.6704E-14
  66569.7891  6.4402E-14
  72650.0625  5.4073E-14
  79285.6875  4.5401E-14
  86527.3906  3.8120E-14
  94430.5234  3.2006E-14
 103055.5078  2.6873E-14
 112468.2656  2.2563E-14
 122740.7578  1.8944E-14
 133951.5000  1.5906E-14
 146186.2031  1.3355E-14
 159538.3906  1.1213E-14
 174110.1094  9.4148E-15
 190012.7656  7.9049E-15
 207367.9375  6.6371E-15
 226308.2500  5.5726E-15
 246978.5312  4.6789E-15
 269536.7500  3.9285E-15
 294155.3750  3.2984E-15
 321022.5938  2.7694E-15
 350343.7812  2.3253E-15
 382343.0625  1.9523E-15
 417265.0312  1.6392E-15
 455376.6875  1.3763E-15
 496969.3438  1.1556E-15
 542360.9375  9.7026E-16
 591898.4375  8.1465E-16
 645960.5625  6.8399E-16
 704960.5000  5.7429E-16
 769349.3750  4.8219E-16
 839619.2500  4.0486E-16
 916307.4375  3.3992E-16
1000000.0000  2.8541E-16
