# Temperature =  5750.0 K   Log[g] =  3.5   Log[Z/H] =  0.0
      0.0091  0.0000E+00
      0.0093  0.0000E+00
      0.0096  0.0000E+00
      0.0098  0.0000E+00
      0.0100  0.0000E+00
      0.0102  0.0000E+00
      0.0104  0.0000E+00
      0.0106  0.0000E+00
      0.0108  0.0000E+00
      0.0110  0.0000E+00
      0.0114  0.0000E+00
      0.0118  0.0000E+00
      0.0121  0.0000E+00
      0.0125  0.0000E+00
      0.0127  0.0000E+00
      0.0128  0.0000E+00
      0.0131  0.0000E+00
      0.0132  0.0000E+00
      0.0134  0.0000E+00
      0.0137  0.0000E+00
      0.0140  0.0000E+00
      0.0143  0.0000E+00
      0.0147  0.0000E+00
      0.0151  0.0000E+00
      0.0155  0.0000E+00
      0.0159  0.0000E+00
      0.0162  0.0000E+00
      0.0166  0.0000E+00
      0.0170  0.0000E+00
      0.0173  0.0000E+00
      0.0177  0.0000E+00
      0.0180  0.0000E+00
      0.0182  0.0000E+00
      0.0186  0.0000E+00
      0.0191  0.0000E+00
      0.0194  0.0000E+00
      0.0198  0.0000E+00
      0.0202  0.0000E+00
      0.0205  0.0000E+00
      0.0211  0.0000E+00
      0.0216  0.0000E+00
      0.0220  0.0000E+00
      0.0223  0.0000E+00
      0.0227  0.0000E+00
      0.0230  0.0000E+00
      0.0234  0.0000E+00
      0.0240  0.0000E+00
      0.0247  0.0000E+00
      0.0252  0.0000E+00
      0.0257  0.0000E+00
      0.0260  0.0000E+00
      0.0264  0.0000E+00
      0.0269  0.0000E+00
      0.0273  0.0000E+00
      0.0279  0.0000E+00
      0.0284  0.0000E+00
      0.0290  0.0000E+00
      0.0296  0.0000E+00
      0.0301  0.0000E+00
      0.0308  0.0000E+00
      0.0318  0.0000E+00
      0.0328  0.0000E+00
      0.0338  0.0000E+00
      0.0348  0.0000E+00
      0.0357  0.0000E+00
      0.0366  0.0000E+00
      0.0375  0.0000E+00
      0.0385  0.0000E+00
      0.0395  0.0000E+00
      0.0405  0.0000E+00
      0.0414  0.0000E+00
      0.0422  0.0000E+00
      0.0430  0.0000E+00
      0.0441  0.0000E+00
      0.0451  0.0000E+00
      0.0460  0.0000E+00
      0.0470  0.0000E+00
      0.0480  0.0000E+00
      0.0490  0.0000E+00
      0.0500  0.0000E+00
      0.0506  0.0000E+00
      0.0512  0.0000E+00
      0.0520  0.0000E+00
      0.0530  0.0000E+00
      0.0540  0.0000E+00
      0.0550  0.0000E+00
      0.0560  0.0000E+00
      0.0570  0.0000E+00
      0.0580  0.0000E+00
      0.0590  0.0000E+00
      0.0600  0.0000E+00
      0.0610  0.0000E+00
      0.0620  0.0000E+00
      0.0630  0.0000E+00
      0.0640  0.0000E+00
      0.0650  0.0000E+00
      0.0658  0.0000E+00
      0.0665  0.0000E+00
      0.0675  0.0000E+00
      0.0685  0.0000E+00
      0.0695  0.0000E+00
      0.0705  0.0000E+00
      0.0716  0.0000E+00
      0.0726  0.0000E+00
      0.0735  0.0000E+00
      0.0745  0.0000E+00
      0.0755  0.0000E+00
      0.0765  0.0000E+00
      0.0775  0.0000E+00
      0.0785  0.0000E+00
      0.0795  0.0000E+00
      0.0805  0.0000E+00
      0.0815  0.0000E+00
      0.0825  0.0000E+00
      0.0835  0.0000E+00
      0.0845  0.0000E+00
      0.0855  0.0000E+00
      0.0865  0.0000E+00
      0.0875  0.0000E+00
      0.0885  0.0000E+00
      0.0895  0.0000E+00
      0.0905  0.0000E+00
      0.0915  0.0000E+00
      0.0925  0.0000E+00
      0.0935  0.0000E+00
      0.0945  0.0000E+00
      0.0955  0.0000E+00
      0.0965  0.0000E+00
      0.0975  0.0000E+00
      0.0985  0.0000E+00
      0.0995  0.0000E+00
      0.1005  0.0000E+00
      0.1015  0.0000E+00
      0.1025  0.0000E+00
      0.1035  0.0000E+00
      0.1045  0.0000E+00
      0.1055  3.1432E-17
      0.1065  4.2930E-17
      0.1075  6.0212E-17
      0.1085  8.2615E-17
      0.1095  1.1238E-16
      0.1105  3.2421E-16
      0.1115  1.0232E-15
      0.1125  1.5459E-15
      0.1135  2.3004E-15
      0.1145  3.0673E-15
      0.1155  3.6179E-15
      0.1165  5.0580E-15
      0.1175  6.3916E-15
      0.1185  7.2385E-15
      0.1195  5.5134E-15
      0.1205  5.5821E-15
      0.1215  2.4937E-15
      0.1225  7.7065E-15
      0.1235  1.6268E-14
      0.1245  2.4655E-14
      0.1255  3.0652E-14
      0.1265  3.3484E-14
      0.1275  4.2415E-14
      0.1285  5.0308E-14
      0.1295  6.3160E-14
      0.1305  6.6572E-14
      0.1315  8.6356E-14
      0.1325  9.5083E-14
      0.1335  1.1341E-13
      0.1345  1.3118E-13
      0.1355  1.6035E-13
      0.1365  1.7799E-13
      0.1375  2.0766E-13
      0.1385  2.4018E-13
      0.1395  2.8014E-13
      0.1405  3.4389E-13
      0.1415  3.9996E-13
      0.1425  4.6165E-13
      0.1435  5.5217E-13
      0.1442  6.7720E-13
      0.1447  6.5831E-13
      0.1455  7.6889E-13
      0.1465  9.3523E-13
      0.1475  9.9203E-13
      0.1485  1.1836E-12
      0.1495  1.5200E-12
      0.1505  1.8479E-12
      0.1512  1.6505E-12
      0.1517  2.1047E-12
      0.1525  2.8632E-12
      0.1535  1.0793E-11
      0.1545  1.2530E-11
      0.1555  2.0767E-11
      0.1565  2.0256E-11
      0.1575  3.7262E-11
      0.1585  4.6977E-11
      0.1595  5.5464E-11
      0.1605  6.1923E-11
      0.1615  6.9398E-11
      0.1625  8.1580E-11
      0.1635  9.3950E-11
      0.1645  1.3645E-10
      0.1655  8.3388E-11
      0.1665  1.6203E-10
      0.1672  1.1112E-10
      0.1677  1.9541E-10
      0.1685  3.6906E-10
      0.1695  6.3803E-10
      0.1705  7.8370E-10
      0.1715  7.8993E-10
      0.1725  1.0002E-09
      0.1735  1.2320E-09
      0.1745  1.6937E-09
      0.1755  2.3666E-09
      0.1765  2.2016E-09
      0.1775  2.4781E-09
      0.1785  3.2126E-09
      0.1795  4.0328E-09
      0.1805  4.0650E-09
      0.1815  3.9673E-09
      0.1825  4.9135E-09
      0.1835  5.5630E-09
      0.1845  4.2281E-09
      0.1855  6.1695E-09
      0.1865  7.5152E-09
      0.1875  8.2723E-09
      0.1885  9.1452E-09
      0.1895  1.1653E-08
      0.1905  1.1318E-08
      0.1915  1.2597E-08
      0.1925  1.2874E-08
      0.1935  9.1884E-09
      0.1945  1.7549E-08
      0.1955  1.8249E-08
      0.1967  2.3945E-08
      0.1976  2.2724E-08
      0.1984  2.4340E-08
      0.1995  2.6666E-08
      0.2005  2.8237E-08
      0.2015  3.0773E-08
      0.2025  2.6719E-08
      0.2035  3.5988E-08
      0.2045  4.1948E-08
      0.2055  4.2428E-08
      0.2065  4.2603E-08
      0.2074  4.6641E-08
      0.2078  6.0402E-08
      0.2085  6.5899E-08
      0.2095  1.2042E-07
      0.2105  2.3763E-07
      0.2115  2.8914E-07
      0.2125  2.3568E-07
      0.2135  2.3116E-07
      0.2145  3.4305E-07
      0.2155  3.5504E-07
      0.2165  3.0922E-07
      0.2175  3.2728E-07
      0.2185  4.4734E-07
      0.2195  4.4270E-07
      0.2205  4.2287E-07
      0.2215  2.7784E-07
      0.2225  3.7115E-07
      0.2235  5.6813E-07
      0.2245  5.3134E-07
      0.2255  3.7459E-07
      0.2265  3.2918E-07
      0.2275  4.4494E-07
      0.2285  6.1011E-07
      0.2295  4.7472E-07
      0.2305  6.3421E-07
      0.2315  4.9176E-07
      0.2325  4.5865E-07
      0.2335  2.8944E-07
      0.2345  1.7151E-07
      0.2355  4.3530E-07
      0.2365  2.0727E-07
      0.2375  2.9735E-07
      0.2385  1.5014E-07
      0.2395  2.0903E-07
      0.2405  2.1187E-07
      0.2415  2.9395E-07
      0.2425  6.3088E-07
      0.2435  6.8000E-07
      0.2445  8.6350E-07
      0.2455  9.3725E-07
      0.2465  7.4838E-07
      0.2475  6.6874E-07
      0.2485  3.2632E-07
      0.2495  5.1126E-07
      0.2505  8.2363E-07
      0.2513  3.5232E-07
      0.2518  2.4964E-07
      0.2525  2.4428E-07
      0.2535  3.6439E-07
      0.2545  5.2348E-07
      0.2555  1.3637E-06
      0.2565  9.5082E-07
      0.2575  1.3274E-06
      0.2585  1.0442E-06
      0.2595  8.7537E-07
      0.2605  6.4444E-07
      0.2615  5.9371E-07
      0.2625  9.0550E-07
      0.2635  2.1877E-06
      0.2645  3.4017E-06
      0.2655  4.7746E-06
      0.2665  2.7556E-06
      0.2675  3.2603E-06
      0.2685  3.8417E-06
      0.2695  2.8229E-06
      0.2705  3.6676E-06
      0.2715  2.4238E-06
      0.2725  1.8548E-06
      0.2735  2.3825E-06
      0.2745  1.0287E-06
      0.2755  1.5806E-06
      0.2765  2.3128E-06
      0.2775  2.5309E-06
      0.2785  1.2396E-06
      0.2795  4.3103E-07
      0.2805  5.6041E-07
      0.2815  2.0841E-06
      0.2825  3.8591E-06
      0.2835  3.8486E-06
      0.2845  2.6038E-06
      0.2855  1.2041E-06
      0.2865  3.8423E-06
      0.2875  5.4177E-06
      0.2885  4.7750E-06
      0.2895  5.6466E-06
      0.2910  7.7621E-06
      0.2930  7.0257E-06
      0.2950  6.8516E-06
      0.2970  7.7120E-06
      0.2990  7.7695E-06
      0.3010  8.2435E-06
      0.3030  8.7666E-06
      0.3050  9.2646E-06
      0.3070  9.2723E-06
      0.3090  9.4678E-06
      0.3110  1.0236E-05
      0.3130  9.7428E-06
      0.3150  9.5574E-06
      0.3170  1.0535E-05
      0.3190  9.4689E-06
      0.3210  1.0838E-05
      0.3230  8.8411E-06
      0.3250  1.2428E-05
      0.3270  1.4659E-05
      0.3290  1.4225E-05
      0.3310  1.3947E-05
      0.3330  1.4275E-05
      0.3350  1.3999E-05
      0.3370  1.1323E-05
      0.3390  1.3195E-05
      0.3410  1.3931E-05
      0.3430  1.4675E-05
      0.3450  1.5943E-05
      0.3470  1.6296E-05
      0.3490  1.7545E-05
      0.3510  1.8574E-05
      0.3530  1.7482E-05
      0.3550  2.0375E-05
      0.3570  1.5766E-05
      0.3590  1.6196E-05
      0.3610  1.8331E-05
      0.3630  1.8856E-05
      0.3640  1.8922E-05
      0.3650  2.1662E-05
      0.3670  2.2014E-05
      0.3690  2.1666E-05
      0.3710  2.3918E-05
      0.3730  2.0277E-05
      0.3750  2.2926E-05
      0.3770  2.6298E-05
      0.3790  2.7498E-05
      0.3810  2.7979E-05
      0.3830  1.9438E-05
      0.3850  2.3773E-05
      0.3870  2.3416E-05
      0.3890  2.6837E-05
      0.3910  3.1509E-05
      0.3930  1.5879E-05
      0.3950  2.7706E-05
      0.3970  1.8641E-05
      0.3990  3.8219E-05
      0.4010  4.1449E-05
      0.4030  4.1660E-05
      0.4050  4.1020E-05
      0.4070  4.0527E-05
      0.4090  4.5562E-05
      0.4110  4.4231E-05
      0.4130  4.5464E-05
      0.4150  4.6624E-05
      0.4170  4.6552E-05
      0.4190  4.5559E-05
      0.4210  4.6687E-05
      0.4230  4.5801E-05
      0.4250  4.6749E-05
      0.4270  4.4542E-05
      0.4290  4.0783E-05
      0.4310  3.4170E-05
      0.4330  4.8984E-05
      0.4350  4.6772E-05
      0.4370  5.2605E-05
      0.4390  4.8839E-05
      0.4410  5.2793E-05
      0.4430  5.5708E-05
      0.4450  5.6005E-05
      0.4470  5.9233E-05
      0.4490  6.0189E-05
      0.4510  6.6482E-05
      0.4530  6.0828E-05
      0.4550  6.2878E-05
      0.4570  6.7510E-05
      0.4590  6.4222E-05
      0.4610  6.6730E-05
      0.4630  6.6001E-05
      0.4650  6.7439E-05
      0.4670  6.9516E-05
      0.4690  6.8627E-05
      0.4710  6.6753E-05
      0.4730  7.0505E-05
      0.4750  7.2434E-05
      0.4770  7.2923E-05
      0.4790  7.3263E-05
      0.4810  7.2827E-05
      0.4830  7.4585E-05
      0.4850  7.0144E-05
      0.4870  6.3223E-05
      0.4890  7.3014E-05
      0.4910  7.3283E-05
      0.4930  7.2739E-05
      0.4950  7.6419E-05
      0.4970  7.7124E-05
      0.4990  7.2504E-05
      0.5010  7.0110E-05
      0.5030  7.4614E-05
      0.5050  7.5460E-05
      0.5070  7.8879E-05
      0.5090  7.6370E-05
      0.5110  7.8152E-05
      0.5130  7.6510E-05
      0.5150  7.4935E-05
      0.5170  7.1842E-05
      0.5190  7.2606E-05
      0.5210  7.7243E-05
      0.5230  7.8630E-05
      0.5250  8.0838E-05
      0.5270  7.3479E-05
      0.5290  8.1562E-05
      0.5310  8.4293E-05
      0.5330  7.7981E-05
      0.5350  8.3705E-05
      0.5370  8.4459E-05
      0.5390  8.3730E-05
      0.5410  8.1837E-05
      0.5430  8.4191E-05
      0.5450  8.7350E-05
      0.5470  8.5840E-05
      0.5490  8.5598E-05
      0.5510  8.6126E-05
      0.5530  8.7534E-05
      0.5550  8.9052E-05
      0.5570  8.7561E-05
      0.5590  8.6465E-05
      0.5610  8.9495E-05
      0.5630  9.0010E-05
      0.5650  9.0053E-05
      0.5670  8.8554E-05
      0.5690  9.0604E-05
      0.5710  8.9490E-05
      0.5730  9.5217E-05
      0.5750  9.2818E-05
      0.5770  9.4293E-05
      0.5790  9.2245E-05
      0.5810  9.4749E-05
      0.5830  9.6473E-05
      0.5850  9.5044E-05
      0.5870  9.5804E-05
      0.5890  9.1498E-05
      0.5910  9.5971E-05
      0.5930  9.6207E-05
      0.5950  9.6849E-05
      0.5970  9.7668E-05
      0.5990  9.7108E-05
      0.6010  9.6196E-05
      0.6030  9.7176E-05
      0.6050  9.9132E-05
      0.6070  9.9286E-05
      0.6090  9.7432E-05
      0.6110  9.7182E-05
      0.6130  9.4733E-05
      0.6150  9.6089E-05
      0.6170  9.4284E-05
      0.6190  9.8984E-05
      0.6210  9.9718E-05
      0.6230  9.7680E-05
      0.6250  9.5116E-05
      0.6270  9.9725E-05
      0.6290  1.0050E-04
      0.6310  9.8160E-05
      0.6330  9.9174E-05
      0.6350  9.9753E-05
      0.6370  9.9772E-05
      0.6390  1.0109E-04
      0.6410  9.9403E-05
      0.6430  1.0080E-04
      0.6450  1.0026E-04
      0.6470  1.0062E-04
      0.6490  9.9600E-05
      0.6510  1.0206E-04
      0.6530  1.0252E-04
      0.6550  1.0017E-04
      0.6570  9.0489E-05
      0.6590  1.0198E-04
      0.6610  1.0350E-04
      0.6630  1.0346E-04
      0.6650  1.0368E-04
      0.6670  1.0303E-04
      0.6690  1.0488E-04
      0.6710  1.0337E-04
      0.6730  1.0488E-04
      0.6750  1.0404E-04
      0.6770  1.0464E-04
      0.6790  1.0459E-04
      0.6810  1.0452E-04
      0.6830  1.0542E-04
      0.6850  1.0387E-04
      0.6870  1.0526E-04
      0.6890  1.0582E-04
      0.6910  1.0554E-04
      0.6930  1.0564E-04
      0.6950  1.0568E-04
      0.6970  1.0612E-04
      0.6990  1.0621E-04
      0.7010  1.0370E-04
      0.7030  1.0569E-04
      0.7050  1.0651E-04
      0.7070  1.0608E-04
      0.7090  1.0609E-04
      0.7110  1.0634E-04
      0.7130  1.0568E-04
      0.7150  1.0567E-04
      0.7170  1.0573E-04
      0.7190  1.0364E-04
      0.7210  1.0584E-04
      0.7230  1.0604E-04
      0.7250  1.0699E-04
      0.7270  1.0711E-04
      0.7290  1.0491E-04
      0.7310  1.0669E-04
      0.7330  1.0692E-04
      0.7350  1.0747E-04
      0.7370  1.0801E-04
      0.7390  1.0600E-04
      0.7410  1.0509E-04
      0.7430  1.0645E-04
      0.7450  1.0708E-04
      0.7470  1.0807E-04
      0.7490  1.0759E-04
      0.7510  1.0813E-04
      0.7530  1.0843E-04
      0.7550  1.0909E-04
      0.7570  1.0844E-04
      0.7590  1.0867E-04
      0.7610  1.0851E-04
      0.7630  1.0925E-04
      0.7650  1.0919E-04
      0.7670  1.0713E-04
      0.7690  1.0924E-04
      0.7710  1.0833E-04
      0.7730  1.0879E-04
      0.7750  1.0810E-04
      0.7770  1.0936E-04
      0.7790  1.1008E-04
      0.7810  1.0989E-04
      0.7830  1.0923E-04
      0.7850  1.0933E-04
      0.7870  1.1041E-04
      0.7890  1.1015E-04
      0.7910  1.0915E-04
      0.7930  1.0790E-04
      0.7950  1.0838E-04
      0.7970  1.1023E-04
      0.7990  1.1050E-04
      0.8010  1.0965E-04
      0.8030  1.0968E-04
      0.8050  1.0935E-04
      0.8070  1.1024E-04
      0.8090  1.0886E-04
      0.8110  1.1023E-04
      0.8130  1.1084E-04
      0.8150  1.1053E-04
      0.8170  1.1061E-04
      0.8190  1.0817E-04
      0.8210  1.0864E-04
      0.8230  1.0890E-04
      0.8250  1.0970E-04
      0.8270  1.1102E-04
      0.8290  1.1076E-04
      0.8310  1.0919E-04
      0.8330  1.0899E-04
      0.8350  1.0989E-04
      0.8370  1.1053E-04
      0.8390  1.0918E-04
      0.8410  1.1073E-04
      0.8430  1.0911E-04
      0.8450  1.0979E-04
      0.8470  1.0954E-04
      0.8490  1.0876E-04
      0.8510  1.0389E-04
      0.8530  1.0797E-04
      0.8550  9.2378E-05
      0.8570  1.1121E-04
      0.8590  1.0924E-04
      0.8610  1.0905E-04
      0.8630  1.1115E-04
      0.8650  1.0987E-04
      0.8670  9.4399E-05
      0.8690  1.0854E-04
      0.8710  1.1066E-04
      0.8730  1.1071E-04
      0.8750  1.0695E-04
      0.8770  1.1127E-04
      0.8790  1.1101E-04
      0.8810  1.0950E-04
      0.8830  1.1084E-04
      0.8850  1.1046E-04
      0.8870  1.0640E-04
      0.8890  1.1149E-04
      0.8910  1.1213E-04
      0.8930  1.1050E-04
      0.8950  1.1108E-04
      0.8970  1.1137E-04
      0.8990  1.1171E-04
      0.9010  1.0540E-04
      0.9030  1.1014E-04
      0.9050  1.1264E-04
      0.9070  1.1069E-04
      0.9090  1.0821E-04
      0.9110  1.0989E-04
      0.9130  1.1213E-04
      0.9150  1.1146E-04
      0.9170  1.1112E-04
      0.9190  1.1172E-04
      0.9210  1.0903E-04
      0.9230  1.0499E-04
      0.9250  1.0838E-04
      0.9270  1.1032E-04
      0.9290  1.1101E-04
      0.9310  1.1171E-04
      0.9330  1.1141E-04
      0.9350  1.1134E-04
      0.9370  1.1116E-04
      0.9390  1.1123E-04
      0.9410  1.0741E-04
      0.9430  1.1042E-04
      0.9450  1.0955E-04
      0.9470  1.1138E-04
      0.9490  1.1177E-04
      0.9510  1.1129E-04
      0.9530  1.1050E-04
      0.9550  1.0568E-04
      0.9570  1.1028E-04
      0.9590  1.1161E-04
      0.9610  1.1067E-04
      0.9630  1.1005E-04
      0.9650  1.1015E-04
      0.9670  1.0973E-04
      0.9690  1.1091E-04
      0.9710  1.1119E-04
      0.9730  1.1128E-04
      0.9750  1.1024E-04
      0.9770  1.1088E-04
      0.9790  1.1044E-04
      0.9810  1.1145E-04
      0.9830  1.1120E-04
      0.9850  1.1132E-04
      0.9870  1.1082E-04
      0.9890  1.1075E-04
      0.9910  1.1048E-04
      0.9930  1.1159E-04
      0.9950  1.1153E-04
      0.9970  1.1161E-04
      0.9990  1.1148E-04
      1.0025  1.1049E-04
      1.0075  1.0909E-04
      1.0125  1.1095E-04
      1.0175  1.1020E-04
      1.0225  1.1077E-04
      1.0275  1.1132E-04
      1.0325  1.1023E-04
      1.0375  1.1035E-04
      1.0425  1.1087E-04
      1.0475  1.0970E-04
      1.0525  1.1046E-04
      1.0575  1.1012E-04
      1.0625  1.0990E-04
      1.0675  1.0810E-04
      1.0725  1.0915E-04
      1.0775  1.0885E-04
      1.0825  1.0779E-04
      1.0875  1.0805E-04
      1.0925  1.0598E-04
      1.0975  1.0653E-04
      1.1025  1.0795E-04
      1.1075  1.0857E-04
      1.1125  1.0809E-04
      1.1175  1.0803E-04
      1.1225  1.0849E-04
      1.1275  1.0692E-04
      1.1325  1.0750E-04
      1.1375  1.0746E-04
      1.1425  1.0677E-04
      1.1475  1.0846E-04
      1.1525  1.0841E-04
      1.1575  1.0767E-04
      1.1625  1.0661E-04
      1.1675  1.0675E-04
      1.1725  1.0834E-04
      1.1775  1.0643E-04
      1.1825  1.0663E-04
      1.1875  1.0607E-04
      1.1925  1.0823E-04
      1.1975  1.0531E-04
      1.2025  1.0686E-04
      1.2075  1.0631E-04
      1.2125  1.0668E-04
      1.2175  1.0760E-04
      1.2225  1.0744E-04
      1.2275  1.0695E-04
      1.2325  1.0706E-04
      1.2375  1.0694E-04
      1.2425  1.0671E-04
      1.2475  1.0703E-04
      1.2525  1.0651E-04
      1.2575  1.0634E-04
      1.2625  1.0637E-04
      1.2675  1.0605E-04
      1.2725  1.0648E-04
      1.2775  1.0620E-04
      1.2825  1.0012E-04
      1.2875  1.0558E-04
      1.2925  1.0544E-04
      1.2975  1.0604E-04
      1.3025  1.0539E-04
      1.3075  1.0592E-04
      1.3125  1.0492E-04
      1.3175  1.0468E-04
      1.3225  1.0553E-04
      1.3275  1.0445E-04
      1.3325  1.0502E-04
      1.3375  1.0478E-04
      1.3425  1.0523E-04
      1.3475  1.0504E-04
      1.3525  1.0492E-04
      1.3575  1.0390E-04
      1.3625  1.0423E-04
      1.3675  1.0413E-04
      1.3725  1.0377E-04
      1.3775  1.0394E-04
      1.3825  1.0407E-04
      1.3875  1.0419E-04
      1.3925  1.0400E-04
      1.3975  1.0391E-04
      1.4025  1.0324E-04
      1.4075  1.0363E-04
      1.4125  1.0258E-04
      1.4175  1.0340E-04
      1.4225  1.0203E-04
      1.4275  1.0122E-04
      1.4325  1.0267E-04
      1.4375  1.0324E-04
      1.4425  1.0003E-04
      1.4475  1.0267E-04
      1.4525  1.0095E-04
      1.4570  1.0192E-04
      1.4620  1.0162E-04
      1.4675  1.0185E-04
      1.4725  1.0058E-04
      1.4775  1.0067E-04
      1.4825  1.0095E-04
      1.4875  9.9578E-05
      1.4925  1.0189E-04
      1.4975  1.0090E-04
      1.5025  9.9497E-05
      1.5075  9.9267E-05
      1.5125  1.0070E-04
      1.5175  1.0106E-04
      1.5225  9.9906E-05
      1.5275  1.0066E-04
      1.5325  1.0016E-04
      1.5375  1.0020E-04
      1.5425  9.9757E-05
      1.5475  9.9880E-05
      1.5525  9.9223E-05
      1.5575  9.8464E-05
      1.5625  1.0011E-04
      1.5675  9.7957E-05
      1.5725  9.8189E-05
      1.5775  9.6588E-05
      1.5825  9.7861E-05
      1.5875  9.3657E-05
      1.5925  9.6990E-05
      1.5975  9.8004E-05
      1.6050  9.7173E-05
      1.6150  9.5055E-05
      1.6250  9.7329E-05
      1.6350  9.5479E-05
      1.6450  9.2854E-05
      1.6550  9.5465E-05
      1.6650  9.4877E-05
      1.6750  9.2505E-05
      1.6850  8.9419E-05
      1.6950  9.2938E-05
      1.7050  9.1076E-05
      1.7150  9.0749E-05
      1.7250  8.9024E-05
      1.7350  8.4258E-05
      1.7450  8.7206E-05
      1.7550  8.7374E-05
      1.7650  8.6590E-05
      1.7750  8.5812E-05
      1.7850  8.5381E-05
      1.7950  8.4848E-05
      1.8050  8.3609E-05
      1.8150  7.9538E-05
      1.8250  8.1351E-05
      1.8350  8.1538E-05
      1.8450  8.0356E-05
      1.8550  8.0089E-05
      1.8650  7.8731E-05
      1.8750  7.4302E-05
      1.8850  7.7622E-05
      1.8950  7.5724E-05
      1.9050  7.6978E-05
      1.9150  7.6077E-05
      1.9250  7.5558E-05
      1.9350  7.4223E-05
      1.9450  7.0411E-05
      1.9550  7.3439E-05
      1.9650  7.2890E-05
      1.9750  7.2039E-05
      1.9850  7.1832E-05
      1.9950  7.1227E-05
      2.0050  7.0986E-05
      2.0150  7.0711E-05
      2.0250  6.9571E-05
      2.0350  6.8616E-05
      2.0450  6.8979E-05
      2.0550  6.8195E-05
      2.0650  6.7373E-05
      2.0750  6.7025E-05
      2.0850  6.6477E-05
      2.0950  6.5654E-05
      2.1050  6.5615E-05
      2.1150  6.4925E-05
      2.1250  6.4386E-05
      2.1350  6.4052E-05
      2.1450  6.3671E-05
      2.1550  6.3066E-05
      2.1650  5.9738E-05
      2.1750  6.1554E-05
      2.1850  6.1408E-05
      2.1950  6.1333E-05
      2.2050  6.0360E-05
      2.2150  6.0282E-05
      2.2250  5.9803E-05
      2.2350  5.9343E-05
      2.2450  5.8930E-05
      2.2550  5.8239E-05
      2.2650  5.7840E-05
      2.2750  5.7680E-05
      2.2850  5.6939E-05
      2.2950  5.6179E-05
      2.3050  5.6246E-05
      2.3150  5.5737E-05
      2.3250  5.4767E-05
      2.3350  5.4669E-05
      2.3450  5.4644E-05
      2.3550  5.3400E-05
      2.3650  5.3681E-05
      2.3750  5.3084E-05
      2.3850  5.2128E-05
      2.3950  5.2426E-05
      2.4050  5.2090E-05
      2.4150  5.1129E-05
      2.4250  5.1168E-05
      2.4350  5.0803E-05
      2.4450  5.0353E-05
      2.4550  4.9676E-05
      2.4650  4.9966E-05
      2.4750  4.9294E-05
      2.4850  4.8677E-05
      2.4950  4.8700E-05
      2.5050  4.8574E-05
      2.5150  4.8029E-05
      2.5250  4.7862E-05
      2.5350  4.7613E-05
      2.5450  4.7095E-05
      2.5550  4.6783E-05
      2.5650  4.6264E-05
      2.5750  4.6498E-05
      2.5850  4.5606E-05
      2.5950  4.5765E-05
      2.6050  4.5509E-05
      2.6150  4.4797E-05
      2.6250  4.3189E-05
      2.6350  4.4422E-05
      2.6450  4.4153E-05
      2.6550  4.3916E-05
      2.6650  4.3362E-05
      2.6750  4.3023E-05
      2.6850  4.3344E-05
      2.6950  4.3078E-05
      2.7050  4.2821E-05
      2.7150  4.2530E-05
      2.7250  4.2276E-05
      2.7350  4.2021E-05
      2.7450  4.1826E-05
      2.7550  4.0832E-05
      2.7650  4.0978E-05
      2.7750  4.0929E-05
      2.7850  4.0711E-05
      2.7950  4.0547E-05
      2.8050  4.0275E-05
      2.8150  4.0047E-05
      2.8250  3.9781E-05
      2.8350  3.9607E-05
      2.8450  3.9221E-05
      2.8550  3.9054E-05
      2.8650  3.8688E-05
      2.8750  3.7746E-05
      2.8850  3.8283E-05
      2.8950  3.8131E-05
      2.9050  3.7898E-05
      2.9150  3.7661E-05
      2.9250  3.7307E-05
      2.9350  3.7217E-05
      2.9450  3.6923E-05
      2.9550  3.6774E-05
      2.9650  3.6564E-05
      2.9750  3.6339E-05
      2.9850  3.6145E-05
      2.9950  3.5854E-05
      3.0050  3.5647E-05
      3.0150  3.5496E-05
      3.0250  3.5250E-05
      3.0350  3.4359E-05
      3.0450  3.4593E-05
      3.0550  3.4638E-05
      3.0650  3.4387E-05
      3.0750  3.4287E-05
      3.0850  3.3969E-05
      3.0950  3.3805E-05
      3.1050  3.3683E-05
      3.1150  3.3249E-05
      3.1250  3.3258E-05
      3.1350  3.3077E-05
      3.1450  3.2915E-05
      3.1550  3.2632E-05
      3.1650  3.2508E-05
      3.1750  3.2318E-05
      3.1850  3.2156E-05
      3.1950  3.2022E-05
      3.2100  3.1701E-05
      3.2300  3.1364E-05
      3.2500  3.1006E-05
      3.2700  3.0658E-05
      3.2900  2.9883E-05
      3.3100  2.9904E-05
      3.3300  2.9589E-05
      3.3500  2.9348E-05
      3.3700  2.8989E-05
      3.3900  2.8639E-05
      3.4100  2.8313E-05
      3.4300  2.8121E-05
      3.4500  2.7862E-05
      3.4700  2.7554E-05
      3.4900  2.7285E-05
      3.5100  2.7005E-05
      3.5300  2.6680E-05
      3.5500  2.6453E-05
      3.5700  2.6147E-05
      3.5900  2.5869E-05
      3.6100  2.5678E-05
      3.6300  2.5413E-05
      3.6500  2.5057E-05
      3.6700  2.4817E-05
      3.6900  2.4459E-05
      3.7100  2.4219E-05
      3.7300  2.3979E-05
      3.7500  2.3474E-05
      3.7700  2.3605E-05
      3.7900  2.3380E-05
      3.8100  2.3161E-05
      3.8300  2.2999E-05
      3.8500  2.2808E-05
      3.8700  2.2547E-05
      3.8900  2.2314E-05
      3.9100  2.2141E-05
      3.9300  2.1958E-05
      3.9500  2.1682E-05
      3.9700  2.1540E-05
      3.9900  2.1218E-05
      4.0100  2.1059E-05
      4.0300  2.0927E-05
      4.0500  2.0523E-05
      4.0700  2.0538E-05
      4.0900  2.0369E-05
      4.1100  2.0219E-05
      4.1300  2.0060E-05
      4.1500  1.9830E-05
      4.1700  1.9621E-05
      4.1900  1.9499E-05
      4.2100  1.9257E-05
      4.2300  1.9209E-05
      4.2500  1.8993E-05
      4.2700  1.8865E-05
      4.2900  1.8432E-05
      4.3100  1.8121E-05
      4.3300  1.8084E-05
      4.3500  1.7639E-05
      4.3700  1.7393E-05
      4.3900  1.7411E-05
      4.4100  1.6908E-05
      4.4300  1.6937E-05
      4.4500  1.6846E-05
      4.4700  1.6408E-05
      4.4900  1.6487E-05
      4.5100  1.6345E-05
      4.5300  1.5987E-05
      4.5500  1.6003E-05
      4.5700  1.5940E-05
      4.5900  1.5594E-05
      4.6100  1.5619E-05
      4.6300  1.5486E-05
      4.6500  1.5278E-05
      4.6700  1.5230E-05
      4.6900  1.5191E-05
      4.7100  1.5062E-05
      4.7300  1.5047E-05
      4.7500  1.4896E-05
      4.7700  1.4768E-05
      4.7900  1.4684E-05
      4.8100  1.4513E-05
      4.8300  1.4524E-05
      4.8500  1.4375E-05
      4.8700  1.4257E-05
      4.8900  1.4175E-05
      4.9100  1.4071E-05
      4.9300  1.3976E-05
      4.9500  1.3862E-05
      4.9700  1.3773E-05
      4.9900  1.3704E-05
      5.0100  1.3554E-05
      5.0300  1.3523E-05
      5.0500  1.3366E-05
      5.0700  1.3298E-05
      5.0900  1.3235E-05
      5.1100  1.3104E-05
      5.1300  1.2976E-05
      5.1500  1.2941E-05
      5.1700  1.2912E-05
      5.1900  1.2769E-05
      5.2100  1.2667E-05
      5.2300  1.2578E-05
      5.2500  1.2532E-05
      5.2700  1.2473E-05
      5.2900  1.2320E-05
      5.3100  1.2273E-05
      5.3300  1.2183E-05
      5.3500  1.2115E-05
      5.3700  1.2026E-05
      5.3900  1.1963E-05
      5.4100  1.1886E-05
      5.4300  1.1760E-05
      5.4500  1.1733E-05
      5.4700  1.1638E-05
      5.4900  1.1555E-05
      5.5100  1.1505E-05
      5.5300  1.1458E-05
      5.5500  1.1330E-05
      5.5700  1.1319E-05
      5.5900  1.1190E-05
      5.6100  1.1141E-05
      5.6300  1.1057E-05
      5.6500  1.1030E-05
      5.6700  1.0960E-05
      5.6900  1.0851E-05
      5.7100  1.0816E-05
      5.7300  1.0753E-05
      5.7500  1.0682E-05
      5.7700  1.0612E-05
      5.7900  1.0559E-05
      5.8100  1.0481E-05
      5.8300  1.0423E-05
      5.8500  1.0371E-05
      5.8700  1.0289E-05
      5.8900  1.0214E-05
      5.9100  1.0128E-05
      5.9300  1.0112E-05
      5.9500  1.0013E-05
      5.9700  9.9955E-06
      5.9900  9.9360E-06
      6.0100  9.8725E-06
      6.0300  9.8190E-06
      6.0500  9.7560E-06
      6.0700  9.6913E-06
      6.0900  9.6314E-06
      6.1100  9.5569E-06
      6.1300  9.5247E-06
      6.1500  9.4734E-06
      6.1700  9.4176E-06
      6.1900  9.3657E-06
      6.2100  9.3108E-06
      6.2300  9.2306E-06
      6.2500  9.1869E-06
      6.2700  9.1355E-06
      6.2900  9.0730E-06
      6.3100  9.0165E-06
      6.3300  8.9902E-06
      6.3500  8.9307E-06
      6.3700  8.8834E-06
      6.3900  8.8228E-06
      6.4200  8.7541E-06
      6.4600  8.6449E-06
      6.5000  8.5437E-06
      6.5400  8.4550E-06
      6.5800  8.3625E-06
      6.6200  8.2623E-06
      6.6600  8.1738E-06
      6.7000  8.0789E-06
      6.7400  7.9832E-06
      6.7800  7.8917E-06
      6.8200  7.8123E-06
      6.8600  7.7267E-06
      6.9000  7.6409E-06
      6.9400  7.5545E-06
      6.9800  7.4771E-06
      7.0200  7.3888E-06
      7.0600  7.3151E-06
      7.1000  7.2379E-06
      7.1400  7.1609E-06
      7.1800  7.0838E-06
      7.2200  7.0075E-06
      7.2600  6.9336E-06
      7.3000  6.8651E-06
      7.3400  6.7889E-06
      7.3800  6.7230E-06
      7.4200  6.6492E-06
      7.4600  6.5557E-06
      7.5000  6.4925E-06
      7.5400  6.4487E-06
      7.5800  6.3867E-06
      7.6200  6.3224E-06
      7.6600  6.2602E-06
      7.7000  6.1938E-06
      7.7400  6.1364E-06
      7.7800  6.0763E-06
      7.8200  6.0167E-06
      7.8600  5.9582E-06
      7.9000  5.9002E-06
      7.9400  5.8429E-06
      7.9800  5.7868E-06
      8.0200  5.7290E-06
      8.0600  5.6735E-06
      8.1000  5.6229E-06
      8.1400  5.5640E-06
      8.1800  5.5148E-06
      8.2200  5.4660E-06
      8.2600  5.4142E-06
      8.3000  5.3647E-06
      8.3400  5.3112E-06
      8.3800  5.2646E-06
      8.4200  5.2182E-06
      8.4600  5.1709E-06
      8.5000  5.1243E-06
      8.5400  5.0777E-06
      8.5800  5.0325E-06
      8.6200  4.9865E-06
      8.6600  4.9429E-06
      8.7000  4.8999E-06
      8.7400  4.8528E-06
      8.7800  4.8103E-06
      8.8200  4.7691E-06
      8.8600  4.7281E-06
      8.9000  4.6865E-06
      8.9400  4.6477E-06
      8.9800  4.6046E-06
      9.0200  4.5671E-06
      9.0600  4.5309E-06
      9.1000  4.4885E-06
      9.1400  4.4509E-06
      9.1800  4.4158E-06
      9.2200  4.3798E-06
      9.2600  4.3426E-06
      9.3000  4.3074E-06
      9.3400  4.2704E-06
      9.3800  4.2340E-06
      9.4200  4.2016E-06
      9.4600  4.1661E-06
      9.5000  4.1331E-06
      9.5400  4.0985E-06
      9.5800  4.0656E-06
      9.6200  4.0325E-06
      9.6600  4.0004E-06
      9.7000  3.9698E-06
      9.7400  3.9342E-06
      9.7800  3.9037E-06
      9.8200  3.8755E-06
      9.8600  3.8454E-06
      9.9000  3.8153E-06
      9.9400  3.7837E-06
      9.9800  3.7561E-06
     10.0200  3.7271E-06
     20.0000  9.6052E-07
     40.0000  2.4097E-07
     60.0000  1.0650E-07
     80.0000  5.9523E-08
    100.0000  3.7869E-08
    120.0000  2.6157E-08
    140.0000  1.9125E-08
    160.0000  1.4580E-08
    174.6139  1.3125E-08
    190.5626  1.1027E-08
    207.9679  9.2636E-09
    226.9631  7.7818E-09
    247.6931  6.5368E-09
    270.3167  5.4907E-09
    295.0065  4.6119E-09
    321.9514  3.8736E-09
    351.3575  3.2534E-09
    383.4493  2.7324E-09
    418.4724  2.2948E-09
    456.6943  1.9273E-09
    498.4073  1.6186E-09
    543.9302  1.3593E-09
    593.6111  1.1415E-09
    647.8296  9.5857E-10
    707.0003  8.0497E-10
    771.5754  6.7597E-10
    842.0486  5.6763E-10
    918.9587  4.7665E-10
   1002.8934  4.0025E-10
   1094.4945  3.3609E-10
   1194.4622  2.8222E-10
   1303.5604  2.3698E-10
   1422.6235  1.9899E-10
   1552.5614  1.6709E-10
   1694.3674  1.4030E-10
   1849.1255  1.1780E-10
   2018.0187  9.8916E-11
   2202.3381  8.3056E-11
   2403.4927  6.9739E-11
   2623.0200  5.8557E-11
   2862.5981  4.9167E-11
   3124.0588  4.1283E-11
   3409.4001  3.4663E-11
   3720.8040  2.9105E-11
   4060.6504  2.4438E-11
   4431.5371  2.0519E-11
   4836.2993  1.7228E-11
   5278.0317  1.4466E-11
   5760.1104  1.2146E-11
   6286.2202  1.0198E-11
   6860.3833  8.5627E-12
   7486.9888  7.1895E-12
   8170.8267  6.0365E-12
   8917.1240  5.0684E-12
   9731.5850  4.2556E-12
  10620.4375  3.5731E-12
  11590.4736  3.0001E-12
  12649.1104  2.5190E-12
  13804.4395  2.1150E-12
  15065.2930  1.7758E-12
  16441.3086  1.4910E-12
  17943.0059  1.2519E-12
  19581.8613  1.0511E-12
  21370.4062  8.8254E-13
  23322.3125  7.4100E-13
  25452.4961  6.2216E-13
  27777.2461  5.2238E-13
  30314.3320  4.3860E-13
  33083.1445  3.6826E-13
  36104.8555  3.0920E-13
  39402.5547  2.5961E-13
  43001.4609  2.1797E-13
  46929.0742  1.8302E-13
  51215.4258  1.5366E-13
  55893.2812  1.2902E-13
  60998.3945  1.0833E-13
  66569.7891  9.0954E-14
  72650.0625  7.6367E-14
  79285.6875  6.4119E-14
  86527.3906  5.3836E-14
  94430.5234  4.5202E-14
 103055.5078  3.7952E-14
 112468.2656  3.1866E-14
 122740.7578  2.6755E-14
 133951.5000  2.2464E-14
 146186.2031  1.8861E-14
 159538.3906  1.5836E-14
 174110.1094  1.3296E-14
 190012.7656  1.1164E-14
 207367.9375  9.3735E-15
 226308.2500  7.8701E-15
 246978.5312  6.6079E-15
 269536.7500  5.5481E-15
 294155.3750  4.6583E-15
 321022.5938  3.9112E-15
 350343.7812  3.2839E-15
 382343.0625  2.7573E-15
 417265.0312  2.3150E-15
 455376.6875  1.9438E-15
 496969.3438  1.6320E-15
 542360.9375  1.3703E-15
 591898.4375  1.1505E-15
 645960.5625  9.6599E-16
 704960.5000  8.1106E-16
 769349.3750  6.8099E-16
 839619.2500  5.7177E-16
 916307.4375  4.8007E-16
1000000.0000  4.0307E-16
