# Temperature = 11250.0 K   Log[g] =  2.5   Log[Z/H] =  0.0
      0.0091  0.0000E+00
      0.0093  0.0000E+00
      0.0096  0.0000E+00
      0.0098  0.0000E+00
      0.0100  0.0000E+00
      0.0102  0.0000E+00
      0.0104  0.0000E+00
      0.0106  0.0000E+00
      0.0108  0.0000E+00
      0.0110  0.0000E+00
      0.0114  0.0000E+00
      0.0118  0.0000E+00
      0.0121  0.0000E+00
      0.0125  0.0000E+00
      0.0127  0.0000E+00
      0.0128  0.0000E+00
      0.0131  0.0000E+00
      0.0132  0.0000E+00
      0.0134  0.0000E+00
      0.0137  0.0000E+00
      0.0140  0.0000E+00
      0.0143  0.0000E+00
      0.0147  0.0000E+00
      0.0151  0.0000E+00
      0.0155  0.0000E+00
      0.0159  0.0000E+00
      0.0162  0.0000E+00
      0.0166  0.0000E+00
      0.0170  0.0000E+00
      0.0173  0.0000E+00
      0.0177  0.0000E+00
      0.0180  0.0000E+00
      0.0182  0.0000E+00
      0.0186  0.0000E+00
      0.0191  0.0000E+00
      0.0194  0.0000E+00
      0.0198  0.0000E+00
      0.0202  0.0000E+00
      0.0205  0.0000E+00
      0.0211  0.0000E+00
      0.0216  0.0000E+00
      0.0220  0.0000E+00
      0.0223  0.0000E+00
      0.0227  0.0000E+00
      0.0230  0.0000E+00
      0.0234  0.0000E+00
      0.0240  0.0000E+00
      0.0247  0.0000E+00
      0.0252  0.0000E+00
      0.0257  0.0000E+00
      0.0260  0.0000E+00
      0.0264  0.0000E+00
      0.0269  0.0000E+00
      0.0273  0.0000E+00
      0.0279  0.0000E+00
      0.0284  0.0000E+00
      0.0290  0.0000E+00
      0.0296  0.0000E+00
      0.0301  0.0000E+00
      0.0308  0.0000E+00
      0.0318  0.0000E+00
      0.0328  0.0000E+00
      0.0338  0.0000E+00
      0.0348  0.0000E+00
      0.0357  0.0000E+00
      0.0366  0.0000E+00
      0.0375  0.0000E+00
      0.0385  0.0000E+00
      0.0395  0.0000E+00
      0.0405  0.0000E+00
      0.0414  0.0000E+00
      0.0422  0.0000E+00
      0.0430  0.0000E+00
      0.0441  0.0000E+00
      0.0451  0.0000E+00
      0.0460  0.0000E+00
      0.0470  0.0000E+00
      0.0480  0.0000E+00
      0.0490  0.0000E+00
      0.0500  0.0000E+00
      0.0506  0.0000E+00
      0.0512  0.0000E+00
      0.0520  0.0000E+00
      0.0530  3.8353E-17
      0.0540  6.9781E-17
      0.0550  1.3197E-16
      0.0560  2.3642E-16
      0.0570  4.1805E-16
      0.0580  6.8869E-16
      0.0590  1.2091E-15
      0.0600  2.0095E-15
      0.0610  3.3224E-15
      0.0620  5.3225E-15
      0.0630  8.4624E-15
      0.0640  1.3068E-14
      0.0650  2.0368E-14
      0.0658  2.8594E-14
      0.0665  3.7945E-14
      0.0675  5.6517E-14
      0.0685  8.3634E-14
      0.0695  1.2316E-13
      0.0705  1.7745E-13
      0.0716  2.6323E-13
      0.0726  3.7376E-13
      0.0735  5.0518E-13
      0.0745  7.0436E-13
      0.0755  9.7183E-13
      0.0765  1.3260E-12
      0.0775  1.8078E-12
      0.0785  2.4391E-12
      0.0795  3.2366E-12
      0.0805  4.3094E-12
      0.0815  5.6816E-12
      0.0825  7.4281E-12
      0.0835  9.5667E-12
      0.0845  1.2497E-11
      0.0855  1.6017E-11
      0.0865  2.0545E-11
      0.0875  2.5973E-11
      0.0885  3.3002E-11
      0.0895  4.1439E-11
      0.0905  5.1102E-11
      0.0915  2.3427E-09
      0.0925  1.6588E-08
      0.0935  2.5521E-08
      0.0945  7.1038E-08
      0.0955  3.2184E-07
      0.0965  4.8491E-07
      0.0975  1.5141E-07
      0.0985  8.7228E-07
      0.0995  8.7843E-07
      0.1005  1.0941E-06
      0.1015  1.0173E-06
      0.1025  1.8700E-07
      0.1035  5.3240E-07
      0.1045  1.9782E-06
      0.1055  2.5478E-06
      0.1065  2.3624E-06
      0.1075  3.3509E-06
      0.1085  3.2174E-06
      0.1095  4.0892E-06
      0.1105  9.0115E-06
      0.1115  2.6526E-05
      0.1125  2.9634E-05
      0.1135  4.0470E-05
      0.1145  3.8232E-05
      0.1155  4.7008E-05
      0.1165  5.4024E-05
      0.1175  5.0193E-05
      0.1185  3.9064E-05
      0.1195  1.5678E-06
      0.1205  2.8533E-06
      0.1215  3.0345E-07
      0.1225  2.9522E-06
      0.1235  3.0434E-05
      0.1245  7.9949E-05
      0.1255  1.0065E-04
      0.1265  5.8578E-05
      0.1275  1.1851E-04
      0.1285  1.4864E-04
      0.1295  1.0196E-04
      0.1305  5.0607E-05
      0.1315  1.2808E-04
      0.1325  1.5302E-04
      0.1335  1.1117E-04
      0.1345  1.7938E-04
      0.1355  1.7603E-04
      0.1365  1.4461E-04
      0.1375  1.7266E-04
      0.1385  1.7932E-04
      0.1395  1.8309E-04
      0.1405  1.8685E-04
      0.1415  1.7148E-04
      0.1425  1.9271E-04
      0.1435  1.8107E-04
      0.1442  2.0467E-04
      0.1447  2.2387E-04
      0.1455  2.1907E-04
      0.1465  2.0202E-04
      0.1475  1.9434E-04
      0.1485  2.1584E-04
      0.1495  2.3100E-04
      0.1505  2.2980E-04
      0.1512  2.0531E-04
      0.1517  2.2989E-04
      0.1525  2.1074E-04
      0.1535  1.9014E-04
      0.1545  2.3208E-04
      0.1555  2.0610E-04
      0.1565  1.9871E-04
      0.1575  2.0535E-04
      0.1585  2.3488E-04
      0.1595  2.4788E-04
      0.1605  2.3333E-04
      0.1615  2.3919E-04
      0.1625  2.1926E-04
      0.1635  2.3505E-04
      0.1645  2.4450E-04
      0.1655  2.1799E-04
      0.1665  2.4372E-04
      0.1672  1.6188E-04
      0.1677  2.3799E-04
      0.1685  2.7072E-04
      0.1695  2.5766E-04
      0.1705  2.3920E-04
      0.1715  2.2530E-04
      0.1725  2.2699E-04
      0.1735  2.4709E-04
      0.1745  2.4859E-04
      0.1755  2.8245E-04
      0.1765  2.4088E-04
      0.1775  2.6505E-04
      0.1785  2.7073E-04
      0.1795  3.0516E-04
      0.1805  2.9765E-04
      0.1815  2.8894E-04
      0.1825  2.8580E-04
      0.1835  2.7518E-04
      0.1845  2.5644E-04
      0.1855  2.5165E-04
      0.1865  2.6136E-04
      0.1875  3.0120E-04
      0.1885  2.8555E-04
      0.1895  2.7695E-04
      0.1905  2.8396E-04
      0.1915  2.8561E-04
      0.1925  2.9072E-04
      0.1935  3.0205E-04
      0.1945  3.1040E-04
      0.1955  3.0002E-04
      0.1967  3.3219E-04
      0.1976  3.4276E-04
      0.1984  3.2492E-04
      0.1995  3.1162E-04
      0.2005  3.2564E-04
      0.2015  3.0452E-04
      0.2025  3.3002E-04
      0.2035  3.1628E-04
      0.2045  3.3635E-04
      0.2055  3.1559E-04
      0.2065  3.1915E-04
      0.2074  3.4594E-04
      0.2078  3.4007E-04
      0.2085  3.4668E-04
      0.2095  3.3102E-04
      0.2105  3.2855E-04
      0.2115  3.3149E-04
      0.2125  3.4168E-04
      0.2135  2.9615E-04
      0.2145  3.2634E-04
      0.2155  3.4540E-04
      0.2165  3.2854E-04
      0.2175  3.2314E-04
      0.2185  3.1831E-04
      0.2195  3.4581E-04
      0.2205  3.3233E-04
      0.2215  3.0583E-04
      0.2225  2.9229E-04
      0.2235  3.3151E-04
      0.2245  2.9967E-04
      0.2255  2.9031E-04
      0.2265  3.0620E-04
      0.2275  3.2444E-04
      0.2285  3.3790E-04
      0.2295  3.2342E-04
      0.2305  3.0732E-04
      0.2315  2.9164E-04
      0.2325  2.9226E-04
      0.2335  2.7060E-04
      0.2345  2.5803E-04
      0.2355  2.9732E-04
      0.2365  2.5955E-04
      0.2375  2.7739E-04
      0.2385  2.4439E-04
      0.2395  2.8019E-04
      0.2405  2.6262E-04
      0.2415  2.7695E-04
      0.2425  3.0153E-04
      0.2435  2.8856E-04
      0.2445  3.1760E-04
      0.2455  3.0627E-04
      0.2465  3.0987E-04
      0.2475  2.9730E-04
      0.2485  3.2362E-04
      0.2495  3.1356E-04
      0.2505  3.4853E-04
      0.2513  3.0780E-04
      0.2518  3.2534E-04
      0.2525  2.9977E-04
      0.2535  3.0651E-04
      0.2545  3.0010E-04
      0.2555  3.2406E-04
      0.2565  3.1821E-04
      0.2575  3.5153E-04
      0.2585  3.4393E-04
      0.2595  3.4110E-04
      0.2605  3.2514E-04
      0.2615  3.2518E-04
      0.2625  3.4694E-04
      0.2635  3.5208E-04
      0.2645  3.9364E-04
      0.2655  3.8801E-04
      0.2665  3.5386E-04
      0.2675  3.7801E-04
      0.2685  3.7067E-04
      0.2695  3.6192E-04
      0.2705  3.7876E-04
      0.2715  3.6032E-04
      0.2725  3.6803E-04
      0.2735  3.9930E-04
      0.2745  3.3483E-04
      0.2755  3.3807E-04
      0.2765  3.5288E-04
      0.2775  3.8390E-04
      0.2785  3.8624E-04
      0.2795  3.2293E-04
      0.2805  3.5876E-04
      0.2815  4.0227E-04
      0.2825  4.1004E-04
      0.2835  3.8745E-04
      0.2845  3.7639E-04
      0.2855  3.7482E-04
      0.2865  3.9965E-04
      0.2875  3.8735E-04
      0.2885  3.9823E-04
      0.2895  3.8398E-04
      0.2910  4.2807E-04
      0.2930  4.1612E-04
      0.2950  4.1943E-04
      0.2970  4.2745E-04
      0.2990  4.3299E-04
      0.3010  4.4910E-04
      0.3030  4.4662E-04
      0.3050  4.4427E-04
      0.3070  4.4334E-04
      0.3090  4.5350E-04
      0.3110  4.4433E-04
      0.3130  4.4489E-04
      0.3150  4.5448E-04
      0.3170  4.5214E-04
      0.3190  4.4103E-04
      0.3210  4.5404E-04
      0.3230  4.5177E-04
      0.3250  4.5524E-04
      0.3270  4.5911E-04
      0.3290  4.6288E-04
      0.3310  4.6764E-04
      0.3330  4.6307E-04
      0.3350  4.6062E-04
      0.3370  4.6281E-04
      0.3390  4.6109E-04
      0.3410  4.7062E-04
      0.3430  4.7119E-04
      0.3450  4.7247E-04
      0.3470  4.6940E-04
      0.3490  4.7030E-04
      0.3510  4.7677E-04
      0.3530  4.8113E-04
      0.3550  4.8279E-04
      0.3570  4.8071E-04
      0.3590  4.8127E-04
      0.3610  4.8196E-04
      0.3630  4.8157E-04
      0.3640  4.8339E-04
      0.3650  4.8796E-04
      0.3670  4.8359E-04
      0.3690  4.7889E-04
      0.3710  5.6334E-04
      0.3730  6.5882E-04
      0.3750  8.6234E-04
      0.3770  8.7341E-04
      0.3790  9.6251E-04
      0.3810  1.0482E-03
      0.3830  8.9969E-04
      0.3850  1.0827E-03
      0.3870  1.1151E-03
      0.3890  8.7845E-04
      0.3910  1.1107E-03
      0.3930  1.1027E-03
      0.3950  1.1145E-03
      0.3970  8.5571E-04
      0.3990  1.1027E-03
      0.4010  1.1038E-03
      0.4030  1.0882E-03
      0.4050  1.1022E-03
      0.4070  1.0880E-03
      0.4090  1.0408E-03
      0.4110  8.7922E-04
      0.4130  1.0626E-03
      0.4150  1.0769E-03
      0.4170  1.0685E-03
      0.4190  1.0686E-03
      0.4210  1.0679E-03
      0.4230  1.0600E-03
      0.4250  1.0531E-03
      0.4270  1.0455E-03
      0.4290  1.0486E-03
      0.4310  1.0350E-03
      0.4330  9.6109E-04
      0.4350  8.5485E-04
      0.4370  1.0280E-03
      0.4390  1.0135E-03
      0.4410  1.0218E-03
      0.4430  1.0148E-03
      0.4450  1.0154E-03
      0.4470  1.0027E-03
      0.4490  9.9287E-04
      0.4510  9.9713E-04
      0.4530  9.9116E-04
      0.4550  9.7775E-04
      0.4570  9.9020E-04
      0.4590  9.7519E-04
      0.4610  9.8646E-04
      0.4630  9.6634E-04
      0.4650  9.7749E-04
      0.4670  9.6963E-04
      0.4690  9.6823E-04
      0.4710  9.5308E-04
      0.4730  9.5880E-04
      0.4750  9.5419E-04
      0.4770  9.5550E-04
      0.4790  9.5081E-04
      0.4810  9.4375E-04
      0.4830  9.3514E-04
      0.4850  8.7668E-04
      0.4870  7.5758E-04
      0.4890  9.2467E-04
      0.4910  9.2422E-04
      0.4930  9.1218E-04
      0.4950  9.1713E-04
      0.4970  9.1538E-04
      0.4990  9.0865E-04
      0.5010  8.9030E-04
      0.5030  8.9481E-04
      0.5050  8.8373E-04
      0.5070  8.9068E-04
      0.5090  8.8695E-04
      0.5110  8.8022E-04
      0.5130  8.8094E-04
      0.5150  8.7128E-04
      0.5170  8.6599E-04
      0.5190  8.6587E-04
      0.5210  8.5933E-04
      0.5230  8.5378E-04
      0.5250  8.5713E-04
      0.5270  8.4594E-04
      0.5290  8.5375E-04
      0.5310  8.4175E-04
      0.5330  8.4553E-04
      0.5350  8.4384E-04
      0.5370  8.4015E-04
      0.5390  8.3684E-04
      0.5410  8.3145E-04
      0.5430  8.2815E-04
      0.5450  8.2741E-04
      0.5470  8.2280E-04
      0.5490  8.2084E-04
      0.5510  8.1624E-04
      0.5530  8.1500E-04
      0.5550  8.1254E-04
      0.5570  8.0909E-04
      0.5590  8.0636E-04
      0.5610  8.0476E-04
      0.5630  8.0191E-04
      0.5650  7.9411E-04
      0.5670  7.9286E-04
      0.5690  7.9196E-04
      0.5710  7.8946E-04
      0.5730  7.8632E-04
      0.5750  7.8305E-04
      0.5770  7.8017E-04
      0.5790  7.7552E-04
      0.5810  7.7326E-04
      0.5830  7.7038E-04
      0.5850  7.6788E-04
      0.5870  7.5907E-04
      0.5890  7.5951E-04
      0.5910  7.5863E-04
      0.5930  7.5670E-04
      0.5950  7.4927E-04
      0.5970  7.4922E-04
      0.5990  7.4436E-04
      0.6010  7.4486E-04
      0.6030  7.4201E-04
      0.6050  7.3863E-04
      0.6070  7.3580E-04
      0.6090  7.3296E-04
      0.6110  7.3073E-04
      0.6130  7.2766E-04
      0.6150  7.1921E-04
      0.6170  7.2196E-04
      0.6190  7.1971E-04
      0.6210  7.1713E-04
      0.6230  7.1325E-04
      0.6250  7.0528E-04
      0.6270  7.0906E-04
      0.6290  7.0600E-04
      0.6310  7.0159E-04
      0.6330  7.0050E-04
      0.6350  6.9020E-04
      0.6370  6.8983E-04
      0.6390  6.9208E-04
      0.6410  6.8876E-04
      0.6430  6.8754E-04
      0.6450  6.8152E-04
      0.6470  6.8294E-04
      0.6490  6.7824E-04
      0.6510  6.7522E-04
      0.6530  6.7078E-04
      0.6550  6.4127E-04
      0.6570  5.4639E-04
      0.6590  6.6024E-04
      0.6610  6.6389E-04
      0.6630  6.6221E-04
      0.6650  6.6063E-04
      0.6670  6.5659E-04
      0.6690  6.5456E-04
      0.6710  6.5341E-04
      0.6730  6.5071E-04
      0.6750  6.4858E-04
      0.6770  6.4644E-04
      0.6790  6.4374E-04
      0.6810  6.4148E-04
      0.6830  6.3845E-04
      0.6850  6.3654E-04
      0.6870  6.3439E-04
      0.6890  6.3235E-04
      0.6910  6.2980E-04
      0.6930  6.2677E-04
      0.6950  6.2555E-04
      0.6970  6.2338E-04
      0.6990  6.2155E-04
      0.7010  6.1855E-04
      0.7030  6.1700E-04
      0.7050  6.1305E-04
      0.7070  6.1093E-04
      0.7090  6.1059E-04
      0.7110  6.0743E-04
      0.7130  6.0560E-04
      0.7150  6.0385E-04
      0.7170  6.0180E-04
      0.7190  5.9978E-04
      0.7210  5.9785E-04
      0.7230  5.9444E-04
      0.7250  5.9317E-04
      0.7270  5.9146E-04
      0.7290  5.8899E-04
      0.7310  5.8687E-04
      0.7330  5.8523E-04
      0.7350  5.8368E-04
      0.7370  5.8166E-04
      0.7390  5.7961E-04
      0.7410  5.7739E-04
      0.7430  5.7446E-04
      0.7450  5.7288E-04
      0.7470  5.6986E-04
      0.7490  5.6885E-04
      0.7510  5.6633E-04
      0.7530  5.6562E-04
      0.7550  5.6375E-04
      0.7570  5.6187E-04
      0.7590  5.5977E-04
      0.7610  5.5834E-04
      0.7630  5.5625E-04
      0.7650  5.5379E-04
      0.7670  5.5229E-04
      0.7690  5.5034E-04
      0.7710  5.4809E-04
      0.7730  5.4683E-04
      0.7750  5.4490E-04
      0.7770  5.3501E-04
      0.7790  5.4126E-04
      0.7810  5.3980E-04
      0.7830  5.3780E-04
      0.7850  5.3436E-04
      0.7870  5.3195E-04
      0.7890  5.2914E-04
      0.7910  5.3051E-04
      0.7930  5.2912E-04
      0.7950  5.2549E-04
      0.7970  5.2554E-04
      0.7990  5.1978E-04
      0.8010  5.2210E-04
      0.8030  5.2034E-04
      0.8050  5.1858E-04
      0.8070  5.1687E-04
      0.8090  5.1511E-04
      0.8110  5.1327E-04
      0.8130  5.1188E-04
      0.8150  5.1024E-04
      0.8170  5.0872E-04
      0.8190  5.0619E-04
      0.8210  5.0342E-04
      0.8230  5.0100E-04
      0.8250  5.0247E-04
      0.8270  5.0190E-04
      0.8290  4.9873E-04
      0.8310  4.9821E-04
      0.8330  4.9506E-04
      0.8350  4.9323E-04
      0.8370  4.8879E-04
      0.8390  4.8701E-04
      0.8410  4.8337E-04
      0.8430  4.8789E-04
      0.8450  4.8296E-04
      0.8470  4.6969E-04
      0.8490  5.0151E-04
      0.8510  4.6380E-04
      0.8530  5.0991E-04
      0.8550  4.5302E-04
      0.8570  5.1771E-04
      0.8590  4.8742E-04
      0.8610  4.7586E-04
      0.8630  5.2717E-04
      0.8650  5.1860E-04
      0.8670  4.4113E-04
      0.8690  5.2558E-04
      0.8710  5.3237E-04
      0.8730  5.2398E-04
      0.8750  4.3690E-04
      0.8770  5.1238E-04
      0.8790  5.2647E-04
      0.8810  5.2544E-04
      0.8830  5.2006E-04
      0.8850  4.9890E-04
      0.8870  4.3344E-04
      0.8890  5.1356E-04
      0.8910  5.1590E-04
      0.8930  5.1404E-04
      0.8950  5.1494E-04
      0.8970  5.1227E-04
      0.8990  5.0624E-04
      0.9010  4.3525E-04
      0.9030  4.7345E-04
      0.9050  5.0335E-04
      0.9070  4.9969E-04
      0.9090  4.9809E-04
      0.9110  4.9965E-04
      0.9130  4.9812E-04
      0.9150  4.9828E-04
      0.9170  4.9508E-04
      0.9190  4.9006E-04
      0.9210  4.8102E-04
      0.9230  4.0132E-04
      0.9250  4.7261E-04
      0.9270  4.7716E-04
      0.9290  4.8534E-04
      0.9310  4.8520E-04
      0.9330  4.8301E-04
      0.9350  4.8245E-04
      0.9370  4.8090E-04
      0.9390  4.7834E-04
      0.9410  4.7246E-04
      0.9430  4.7589E-04
      0.9450  4.7497E-04
      0.9470  4.7300E-04
      0.9490  4.7153E-04
      0.9510  4.6786E-04
      0.9530  4.5547E-04
      0.9550  3.8588E-04
      0.9570  4.5693E-04
      0.9590  4.6300E-04
      0.9610  4.6234E-04
      0.9630  4.5664E-04
      0.9650  4.6019E-04
      0.9670  4.5745E-04
      0.9690  4.5715E-04
      0.9710  4.5608E-04
      0.9730  4.5459E-04
      0.9750  4.5297E-04
      0.9770  4.5187E-04
      0.9790  4.5037E-04
      0.9810  4.4872E-04
      0.9830  4.4700E-04
      0.9850  4.4570E-04
      0.9870  4.4451E-04
      0.9890  4.4237E-04
      0.9910  4.4185E-04
      0.9930  4.4051E-04
      0.9950  4.3909E-04
      0.9970  4.3781E-04
      0.9990  4.3632E-04
      1.0025  4.1957E-04
      1.0075  4.0371E-04
      1.0125  4.2492E-04
      1.0175  4.2388E-04
      1.0225  4.2133E-04
      1.0275  4.1816E-04
      1.0325  4.1480E-04
      1.0375  4.1185E-04
      1.0425  4.0895E-04
      1.0475  4.0554E-04
      1.0525  4.0220E-04
      1.0575  3.9979E-04
      1.0625  3.9706E-04
      1.0675  3.9207E-04
      1.0725  3.9069E-04
      1.0775  3.8826E-04
      1.0825  3.8453E-04
      1.0875  3.8226E-04
      1.0925  3.4908E-04
      1.0975  3.7121E-04
      1.1025  3.7459E-04
      1.1075  3.7218E-04
      1.1125  3.6949E-04
      1.1175  3.6686E-04
      1.1225  3.6435E-04
      1.1275  3.5947E-04
      1.1325  3.5765E-04
      1.1375  3.5672E-04
      1.1425  3.5423E-04
      1.1475  3.5192E-04
      1.1525  3.4952E-04
      1.1575  3.4712E-04
      1.1625  3.4405E-04
      1.1675  3.4165E-04
      1.1725  3.3996E-04
      1.1775  3.3634E-04
      1.1825  3.3525E-04
      1.1875  3.3280E-04
      1.1925  3.3107E-04
      1.1975  3.2857E-04
      1.2025  3.2664E-04
      1.2075  3.2445E-04
      1.2125  3.2226E-04
      1.2175  3.2020E-04
      1.2225  3.1808E-04
      1.2275  3.1591E-04
      1.2325  3.1391E-04
      1.2375  3.1191E-04
      1.2425  3.0996E-04
      1.2475  3.0742E-04
      1.2525  3.0593E-04
      1.2575  3.0364E-04
      1.2625  3.0191E-04
      1.2675  3.0014E-04
      1.2725  2.9824E-04
      1.2775  2.9459E-04
      1.2825  2.7072E-04
      1.2875  2.9163E-04
      1.2925  2.9079E-04
      1.2975  2.8895E-04
      1.3025  2.8719E-04
      1.3075  2.8539E-04
      1.3125  2.8364E-04
      1.3175  2.8144E-04
      1.3225  2.8015E-04
      1.3275  2.7843E-04
      1.3325  2.7672E-04
      1.3375  2.7504E-04
      1.3425  2.7328E-04
      1.3475  2.7162E-04
      1.3525  2.6990E-04
      1.3575  2.6834E-04
      1.3625  2.6672E-04
      1.3675  2.6497E-04
      1.3725  2.6340E-04
      1.3775  2.6205E-04
      1.3825  2.6049E-04
      1.3875  2.5897E-04
      1.3925  2.5738E-04
      1.3975  2.5589E-04
      1.4025  2.5442E-04
      1.4075  2.5292E-04
      1.4125  2.5139E-04
      1.4175  2.5000E-04
      1.4225  2.4854E-04
      1.4275  2.4711E-04
      1.4325  2.4567E-04
      1.4375  2.4424E-04
      1.4425  2.4238E-04
      1.4475  2.4141E-04
      1.4525  2.3987E-04
      1.4570  2.3887E-04
      1.4620  2.3760E-04
      1.4675  2.3627E-04
      1.4725  2.3495E-04
      1.4775  2.3352E-04
      1.4825  2.3243E-04
      1.4875  2.3106E-04
      1.4925  2.2984E-04
      1.4975  2.2839E-04
      1.5025  2.2691E-04
      1.5075  2.2545E-04
      1.5125  2.2401E-04
      1.5175  2.2278E-04
      1.5225  2.2276E-04
      1.5275  2.1925E-04
      1.5325  2.1816E-04
      1.5375  2.1948E-04
      1.5425  2.1409E-04
      1.5475  2.1786E-04
      1.5525  2.1742E-04
      1.5575  2.0861E-04
      1.5625  2.1730E-04
      1.5675  2.1252E-04
      1.5725  2.0574E-04
      1.5775  2.1482E-04
      1.5825  2.1380E-04
      1.5875  1.9854E-04
      1.5925  2.1054E-04
      1.5975  2.1173E-04
      1.6050  2.0898E-04
      1.6150  2.0018E-04
      1.6250  2.0655E-04
      1.6350  2.0249E-04
      1.6450  1.9414E-04
      1.6550  2.0014E-04
      1.6650  1.9806E-04
      1.6750  1.9406E-04
      1.6850  1.8616E-04
      1.6950  1.9189E-04
      1.7050  1.9000E-04
      1.7150  1.8813E-04
      1.7250  1.8615E-04
      1.7350  1.7562E-04
      1.7450  1.8192E-04
      1.7550  1.8065E-04
      1.7650  1.7891E-04
      1.7750  1.7710E-04
      1.7850  1.7544E-04
      1.7950  1.7381E-04
      1.8050  1.7174E-04
      1.8150  1.6300E-04
      1.8250  1.6771E-04
      1.8350  1.6718E-04
      1.8450  1.6562E-04
      1.8550  1.6394E-04
      1.8650  1.6229E-04
      1.8750  1.5379E-04
      1.8850  1.5927E-04
      1.8950  1.5798E-04
      1.9050  1.5656E-04
      1.9150  1.5513E-04
      1.9250  1.5370E-04
      1.9350  1.5215E-04
      1.9450  1.4407E-04
      1.9550  1.4941E-04
      1.9650  1.4826E-04
      1.9750  1.4691E-04
      1.9850  1.4562E-04
      1.9950  1.4434E-04
      2.0050  1.4307E-04
      2.0150  1.4181E-04
      2.0250  1.4057E-04
      2.0350  1.3934E-04
      2.0450  1.3814E-04
      2.0550  1.3694E-04
      2.0650  1.3577E-04
      2.0750  1.3461E-04
      2.0850  1.3347E-04
      2.0950  1.3232E-04
      2.1050  1.3122E-04
      2.1150  1.3006E-04
      2.1250  1.2899E-04
      2.1350  1.2789E-04
      2.1450  1.2684E-04
      2.1550  1.2574E-04
      2.1650  1.1923E-04
      2.1750  1.2347E-04
      2.1850  1.2276E-04
      2.1950  1.2176E-04
      2.2050  1.2078E-04
      2.2150  1.1979E-04
      2.2250  1.1884E-04
      2.2350  1.1789E-04
      2.2450  1.1696E-04
      2.2550  1.1602E-04
      2.2650  1.1511E-04
      2.2750  1.1420E-04
      2.2850  1.1335E-04
      2.2950  1.1247E-04
      2.3050  1.1161E-04
      2.3150  1.1076E-04
      2.3250  1.0992E-04
      2.3350  1.0908E-04
      2.3450  1.0825E-04
      2.3550  1.0742E-04
      2.3650  1.0659E-04
      2.3750  1.0578E-04
      2.3850  1.0497E-04
      2.3950  1.0416E-04
      2.4050  1.0328E-04
      2.4150  1.0241E-04
      2.4250  1.0198E-04
      2.4350  1.0091E-04
      2.4450  1.0002E-04
      2.4550  9.9768E-05
      2.4650  9.8643E-05
      2.4750  9.7954E-05
      2.4850  9.7991E-05
      2.4950  9.5414E-05
      2.5050  9.6643E-05
      2.5150  9.6011E-05
      2.5250  9.2883E-05
      2.5350  9.4597E-05
      2.5450  9.4138E-05
      2.5550  9.3303E-05
      2.5650  8.9730E-05
      2.5750  9.2128E-05
      2.5850  9.1636E-05
      2.5950  9.1012E-05
      2.6050  8.9915E-05
      2.6150  8.6239E-05
      2.6250  8.4906E-05
      2.6350  8.8315E-05
      2.6450  8.8124E-05
      2.6550  8.7513E-05
      2.6650  8.6695E-05
      2.6750  8.2349E-05
      2.6850  8.5508E-05
      2.6950  8.5148E-05
      2.7050  8.4572E-05
      2.7150  8.4002E-05
      2.7250  8.3436E-05
      2.7350  8.2875E-05
      2.7450  8.2264E-05
      2.7550  7.8447E-05
      2.7650  8.0298E-05
      2.7750  8.0690E-05
      2.7850  8.0158E-05
      2.7950  7.9632E-05
      2.8050  7.9109E-05
      2.8150  7.8589E-05
      2.8250  7.8075E-05
      2.8350  7.7568E-05
      2.8450  7.7066E-05
      2.8550  7.6572E-05
      2.8650  7.5624E-05
      2.8750  7.2199E-05
      2.8850  7.5021E-05
      2.8950  7.4594E-05
      2.9050  7.4158E-05
      2.9150  7.3678E-05
      2.9250  7.3222E-05
      2.9350  7.2758E-05
      2.9450  7.2304E-05
      2.9550  7.1855E-05
      2.9650  7.1406E-05
      2.9750  7.0964E-05
      2.9850  7.0524E-05
      2.9950  7.0089E-05
      3.0050  6.9655E-05
      3.0150  6.9228E-05
      3.0250  6.8763E-05
      3.0350  6.6004E-05
      3.0450  6.6857E-05
      3.0550  6.7530E-05
      3.0650  6.7151E-05
      3.0750  6.6745E-05
      3.0850  6.6301E-05
      3.0950  6.5947E-05
      3.1050  6.5554E-05
      3.1150  6.5163E-05
      3.1250  6.4775E-05
      3.1350  6.4394E-05
      3.1450  6.4009E-05
      3.1550  6.3637E-05
      3.1650  6.3260E-05
      3.1750  6.2892E-05
      3.1850  6.2528E-05
      3.1950  6.2163E-05
      3.2100  6.1624E-05
      3.2300  6.0917E-05
      3.2500  6.0221E-05
      3.2700  5.9536E-05
      3.2900  5.7257E-05
      3.3100  5.7878E-05
      3.3300  5.7441E-05
      3.3500  5.6816E-05
      3.3700  5.6189E-05
      3.3900  5.5581E-05
      3.4100  5.4979E-05
      3.4300  5.4386E-05
      3.4500  5.3804E-05
      3.4700  5.3227E-05
      3.4900  5.2656E-05
      3.5100  5.2101E-05
      3.5300  5.1555E-05
      3.5500  5.0992E-05
      3.5700  5.0433E-05
      3.5900  5.0019E-05
      3.6100  4.9354E-05
      3.6300  4.9015E-05
      3.6500  4.8295E-05
      3.6700  4.8051E-05
      3.6900  4.7222E-05
      3.7100  4.7081E-05
      3.7300  4.6170E-05
      3.7500  4.4976E-05
      3.7700  4.5718E-05
      3.7900  4.5294E-05
      3.8100  4.4457E-05
      3.8300  4.4153E-05
      3.8500  4.4000E-05
      3.8700  4.3647E-05
      3.8900  4.3120E-05
      3.9100  4.1965E-05
      3.9300  4.2379E-05
      3.9500  4.1994E-05
      3.9700  4.1611E-05
      3.9900  4.1213E-05
      4.0100  4.0457E-05
      4.0300  3.9776E-05
      4.0500  3.9118E-05
      4.0700  3.9672E-05
      4.0900  3.9329E-05
      4.1100  3.8968E-05
      4.1300  3.8610E-05
      4.1500  3.8242E-05
      4.1700  3.6931E-05
      4.1900  3.7538E-05
      4.2100  3.7230E-05
      4.2300  3.6897E-05
      4.2500  3.6568E-05
      4.2700  3.6244E-05
      4.2900  3.5923E-05
      4.3100  3.5607E-05
      4.3300  3.5295E-05
      4.3500  3.4986E-05
      4.3700  3.3855E-05
      4.3900  3.4241E-05
      4.4100  3.4086E-05
      4.4300  3.3795E-05
      4.4500  3.3506E-05
      4.4700  3.3263E-05
      4.4900  3.2938E-05
      4.5100  3.2661E-05
      4.5300  3.2384E-05
      4.5500  3.2117E-05
      4.5700  3.1849E-05
      4.5900  3.1586E-05
      4.6100  3.1322E-05
      4.6300  3.1043E-05
      4.6500  2.9987E-05
      4.6700  2.9698E-05
      4.6900  3.0252E-05
      4.7100  3.0066E-05
      4.7300  2.9829E-05
      4.7500  2.9588E-05
      4.7700  2.9355E-05
      4.7900  2.9121E-05
      4.8100  2.8890E-05
      4.8300  2.8665E-05
      4.8500  2.8433E-05
      4.8700  2.8218E-05
      4.8900  2.7989E-05
      4.9100  2.7780E-05
      4.9300  2.7549E-05
      4.9500  2.7361E-05
      4.9700  2.7111E-05
      4.9900  2.6944E-05
      5.0100  2.6732E-05
      5.0300  2.6480E-05
      5.0500  2.6366E-05
      5.0700  2.6158E-05
      5.0900  2.5853E-05
      5.1100  2.5701E-05
      5.1300  2.4849E-05
      5.1500  2.5336E-05
      5.1700  2.5055E-05
      5.1900  2.5020E-05
      5.2100  2.4855E-05
      5.2300  2.4673E-05
      5.2500  2.4430E-05
      5.2700  2.4124E-05
      5.2900  2.4139E-05
      5.3100  2.3964E-05
      5.3300  2.3792E-05
      5.3500  2.3621E-05
      5.3700  2.3285E-05
      5.3900  2.3133E-05
      5.4100  2.3118E-05
      5.4300  2.2955E-05
      5.4500  2.2793E-05
      5.4700  2.2633E-05
      5.4900  2.2475E-05
      5.5100  2.2261E-05
      5.5300  2.1842E-05
      5.5500  2.2005E-05
      5.5700  2.1857E-05
      5.5900  2.1706E-05
      5.6100  2.1556E-05
      5.6300  2.1409E-05
      5.6500  2.1264E-05
      5.6700  2.1119E-05
      5.6900  2.0961E-05
      5.7100  2.0422E-05
      5.7300  2.0663E-05
      5.7500  2.0555E-05
      5.7700  2.0418E-05
      5.7900  2.0282E-05
      5.8100  2.0148E-05
      5.8300  2.0004E-05
      5.8500  1.9875E-05
      5.8700  1.9741E-05
      5.8900  1.9572E-05
      5.9100  1.8922E-05
      5.9300  1.9326E-05
      5.9500  1.8831E-05
      5.9700  1.8999E-05
      5.9900  1.8984E-05
      6.0100  1.8901E-05
      6.0300  1.8783E-05
      6.0500  1.8664E-05
      6.0700  1.8544E-05
      6.0900  1.8427E-05
      6.1100  1.8310E-05
      6.1300  1.8195E-05
      6.1500  1.8080E-05
      6.1700  1.7967E-05
      6.1900  1.7854E-05
      6.2100  1.7744E-05
      6.2300  1.7633E-05
      6.2500  1.7518E-05
      6.2700  1.7362E-05
      6.2900  1.6809E-05
      6.3100  1.7128E-05
      6.3300  1.7086E-05
      6.3500  1.6991E-05
      6.3700  1.6889E-05
      6.3900  1.6786E-05
      6.4200  1.6634E-05
      6.4600  1.6436E-05
      6.5000  1.6237E-05
      6.5400  1.6047E-05
      6.5800  1.5849E-05
      6.6200  1.5661E-05
      6.6600  1.5484E-05
      6.7000  1.5305E-05
      6.7400  1.5101E-05
      6.7800  1.4708E-05
      6.8200  1.4760E-05
      6.8600  1.4622E-05
      6.9000  1.4459E-05
      6.9400  1.4262E-05
      6.9800  1.4138E-05
      7.0200  1.3981E-05
      7.0600  1.3827E-05
      7.1000  1.3633E-05
      7.1400  1.3526E-05
      7.1800  1.3381E-05
      7.2200  1.3236E-05
      7.2600  1.3040E-05
      7.3000  1.2947E-05
      7.3400  1.2818E-05
      7.3800  1.2682E-05
      7.4200  1.2536E-05
      7.4600  1.2184E-05
      7.5000  1.1891E-05
      7.5400  1.2128E-05
      7.5800  1.2039E-05
      7.6200  1.1916E-05
      7.6600  1.1795E-05
      7.7000  1.1676E-05
      7.7400  1.1554E-05
      7.7800  1.1330E-05
      7.8200  1.1325E-05
      7.8600  1.1217E-05
      7.9000  1.1106E-05
      7.9400  1.0997E-05
      7.9800  1.0890E-05
      8.0200  1.0784E-05
      8.0600  1.0680E-05
      8.1000  1.0577E-05
      8.1400  1.0362E-05
      8.1800  1.0346E-05
      8.2200  1.0277E-05
      8.2600  1.0180E-05
      8.3000  1.0085E-05
      8.3400  9.9901E-06
      8.3800  9.8970E-06
      8.4200  9.8053E-06
      8.4600  9.7148E-06
      8.5000  9.6255E-06
      8.5400  9.5375E-06
      8.5800  9.4504E-06
      8.6200  9.3632E-06
      8.6600  9.1292E-06
      8.7000  9.1849E-06
      8.7400  9.0181E-06
      8.7800  8.9419E-06
      8.8200  8.9533E-06
      8.8600  8.8685E-06
      8.9000  8.7962E-06
      8.9400  8.7193E-06
      8.9800  8.6433E-06
      9.0200  8.5675E-06
      9.0600  8.4852E-06
      9.1000  8.4210E-06
      9.1400  8.3487E-06
      9.1800  8.2775E-06
      9.2200  8.2071E-06
      9.2600  8.1139E-06
      9.3000  8.0690E-06
      9.3400  8.0013E-06
      9.3800  7.7948E-06
      9.4200  7.8442E-06
      9.4600  7.8031E-06
      9.5000  7.7257E-06
      9.5400  7.6564E-06
      9.5800  7.6122E-06
      9.6200  7.5501E-06
      9.6600  7.4888E-06
      9.7000  7.4281E-06
      9.7400  7.3683E-06
      9.7800  7.3091E-06
      9.8200  7.2421E-06
      9.8600  7.1606E-06
      9.9000  7.1357E-06
      9.9400  7.0794E-06
      9.9800  7.0236E-06
     10.0200  6.9684E-06
     20.0000  1.7622E-06
     40.0000  4.3500E-07
     60.0000  1.9086E-07
     80.0000  1.0620E-07
    100.0000  6.7368E-08
    120.0000  4.6438E-08
    140.0000  3.3902E-08
    160.0000  2.5814E-08
    174.6139  2.3410E-08
    190.5626  1.9661E-08
    207.9679  1.6513E-08
    226.9631  1.3868E-08
    247.6931  1.1646E-08
    270.3167  9.7807E-09
    295.0065  8.2137E-09
    321.9514  6.8976E-09
    351.3575  5.7923E-09
    383.4493  4.8641E-09
    418.4724  4.0846E-09
    456.6943  3.4299E-09
    498.4073  2.8802E-09
    543.9302  2.4185E-09
    593.6111  2.0308E-09
    647.8296  1.7053E-09
    707.0003  1.4319E-09
    771.5754  1.2023E-09
    842.0486  1.0096E-09
    918.9587  8.4771E-10
   1002.8934  7.1180E-10
   1094.4945  5.9767E-10
   1194.4622  5.0184E-10
   1303.5604  4.2137E-10
   1422.6235  3.5381E-10
   1552.5614  2.9708E-10
   1694.3674  2.4944E-10
   1849.1255  2.0944E-10
   2018.0187  1.7586E-10
   2202.3381  1.4766E-10
   2403.4927  1.2398E-10
   2623.0200  1.0410E-10
   2862.5981  8.7403E-11
   3124.0588  7.3387E-11
   3409.4001  6.1618E-11
   3720.8040  5.1736E-11
   4060.6504  4.3439E-11
   4431.5371  3.6473E-11
   4836.2993  3.0624E-11
   5278.0317  2.5713E-11
   5760.1104  2.1589E-11
   6286.2202  1.8127E-11
   6860.3833  1.5220E-11
   7486.9888  1.2779E-11
   8170.8267  1.0729E-11
   8917.1240  9.0087E-12
   9731.5850  7.5639E-12
  10620.4375  6.3509E-12
  11590.4736  5.3323E-12
  12649.1104  4.4771E-12
  13804.4395  3.7591E-12
  15065.2930  3.1562E-12
  16441.3086  2.6500E-12
  17943.0059  2.2250E-12
  19581.8613  1.8682E-12
  21370.4062  1.5686E-12
  23322.3125  1.3170E-12
  25452.4961  1.1058E-12
  27777.2461  9.2844E-13
  30314.3320  7.7954E-13
  33083.1445  6.5452E-13
  36104.8555  5.4955E-13
  39402.5547  4.6141E-13
  43001.4609  3.8741E-13
  46929.0742  3.2528E-13
  51215.4258  2.7311E-13
  55893.2812  2.2931E-13
  60998.3945  1.9253E-13
  66569.7891  1.6165E-13
  72650.0625  1.3573E-13
  79285.6875  1.1396E-13
  86527.3906  9.5683E-14
  94430.5234  8.0337E-14
 103055.5078  6.7453E-14
 112468.2656  5.6634E-14
 122740.7578  4.7551E-14
 133951.5000  3.9925E-14
 146186.2031  3.3522E-14
 159538.3906  2.8146E-14
 174110.1094  2.3632E-14
 190012.7656  1.9842E-14
 207367.9375  1.6659E-14
 226308.2500  1.3988E-14
 246978.5312  1.1744E-14
 269536.7500  9.8607E-15
 294155.3750  8.2792E-15
 321022.5938  6.9514E-15
 350343.7812  5.8365E-15
 382343.0625  4.9005E-15
 417265.0312  4.1145E-15
 455376.6875  3.4546E-15
 496969.3438  2.9006E-15
 542360.9375  2.4354E-15
 591898.4375  2.0448E-15
 645960.5625  1.7168E-15
 704960.5000  1.4415E-15
 769349.3750  1.2103E-15
 839619.2500  1.0162E-15
 916307.4375  8.5322E-16
1000000.0000  7.1638E-16
