# Temperature = 18000.0 K   Log[g] =  4.0   Log[Z/H] = -2.0
      0.0091  0.0000E+00
      0.0093  0.0000E+00
      0.0096  0.0000E+00
      0.0098  0.0000E+00
      0.0100  0.0000E+00
      0.0102  0.0000E+00
      0.0104  0.0000E+00
      0.0106  0.0000E+00
      0.0108  0.0000E+00
      0.0110  0.0000E+00
      0.0114  0.0000E+00
      0.0118  0.0000E+00
      0.0121  0.0000E+00
      0.0125  0.0000E+00
      0.0127  0.0000E+00
      0.0128  0.0000E+00
      0.0131  0.0000E+00
      0.0132  0.0000E+00
      0.0134  0.0000E+00
      0.0137  0.0000E+00
      0.0140  0.0000E+00
      0.0143  0.0000E+00
      0.0147  0.0000E+00
      0.0151  0.0000E+00
      0.0155  0.0000E+00
      0.0159  0.0000E+00
      0.0162  0.0000E+00
      0.0166  0.0000E+00
      0.0170  0.0000E+00
      0.0173  0.0000E+00
      0.0177  0.0000E+00
      0.0180  0.0000E+00
      0.0182  0.0000E+00
      0.0186  0.0000E+00
      0.0191  0.0000E+00
      0.0194  0.0000E+00
      0.0198  0.0000E+00
      0.0202  0.0000E+00
      0.0205  0.0000E+00
      0.0211  0.0000E+00
      0.0216  0.0000E+00
      0.0220  0.0000E+00
      0.0223  0.0000E+00
      0.0227  0.0000E+00
      0.0230  0.0000E+00
      0.0234  0.0000E+00
      0.0240  0.0000E+00
      0.0247  0.0000E+00
      0.0252  0.0000E+00
      0.0257  0.0000E+00
      0.0260  0.0000E+00
      0.0264  0.0000E+00
      0.0269  0.0000E+00
      0.0273  0.0000E+00
      0.0279  0.0000E+00
      0.0284  0.0000E+00
      0.0290  0.0000E+00
      0.0296  0.0000E+00
      0.0301  0.0000E+00
      0.0308  0.0000E+00
      0.0318  0.0000E+00
      0.0328  3.4526E-17
      0.0338  1.0713E-16
      0.0348  3.1088E-16
      0.0357  7.6923E-16
      0.0366  1.8179E-15
      0.0375  4.1152E-15
      0.0385  9.7373E-15
      0.0395  2.2018E-14
      0.0405  4.7745E-14
      0.0414  9.2679E-14
      0.0422  1.6301E-13
      0.0430  2.8049E-13
      0.0441  5.7202E-13
      0.0451  1.0592E-12
      0.0460  1.8004E-12
      0.0470  3.1655E-12
      0.0480  5.4298E-12
      0.0490  9.0998E-12
      0.0500  1.4920E-11
      0.0506  1.2093E-10
      0.0512  3.1915E-10
      0.0520  4.3605E-10
      0.0530  6.9449E-10
      0.0540  8.8041E-10
      0.0550  1.3851E-09
      0.0560  1.9020E-09
      0.0570  2.5997E-09
      0.0580  3.0086E-09
      0.0590  4.4085E-09
      0.0600  6.1066E-09
      0.0610  7.9955E-09
      0.0620  1.0310E-08
      0.0630  1.3229E-08
      0.0640  1.6679E-08
      0.0650  2.1166E-08
      0.0658  2.5378E-08
      0.0665  2.9547E-08
      0.0675  3.6421E-08
      0.0685  4.4658E-08
      0.0695  5.5093E-08
      0.0705  6.6905E-08
      0.0716  8.2234E-08
      0.0726  9.8703E-08
      0.0735  1.1593E-07
      0.0745  1.3805E-07
      0.0755  1.6348E-07
      0.0765  1.9237E-07
      0.0775  2.2588E-07
      0.0785  2.6377E-07
      0.0795  3.0657E-07
      0.0805  3.5508E-07
      0.0815  4.0927E-07
      0.0825  4.7085E-07
      0.0835  5.3400E-07
      0.0845  6.1489E-07
      0.0855  6.9768E-07
      0.0865  7.9374E-07
      0.0875  8.9730E-07
      0.0885  1.0131E-06
      0.0895  1.1387E-06
      0.0905  1.2634E-06
      0.0915  2.3764E-06
      0.0925  9.1727E-06
      0.0935  3.2659E-05
      0.0945  2.5477E-04
      0.0955  7.5842E-04
      0.0965  1.1121E-03
      0.0975  3.0798E-04
      0.0985  1.9531E-03
      0.0995  2.1823E-03
      0.1005  2.2862E-03
      0.1015  1.6841E-03
      0.1025  1.6160E-04
      0.1035  1.3803E-03
      0.1045  2.4816E-03
      0.1055  2.5833E-03
      0.1065  2.4455E-03
      0.1075  2.6342E-03
      0.1085  2.5216E-03
      0.1095  2.6877E-03
      0.1105  2.5853E-03
      0.1115  2.6353E-03
      0.1125  2.5482E-03
      0.1135  2.6491E-03
      0.1145  2.5717E-03
      0.1155  2.6626E-03
      0.1165  2.6944E-03
      0.1175  2.4721E-03
      0.1185  2.6456E-03
      0.1195  2.2856E-03
      0.1205  1.4934E-03
      0.1215  1.5650E-04
      0.1225  1.3441E-03
      0.1235  2.3768E-03
      0.1245  2.6010E-03
      0.1255  2.6118E-03
      0.1265  2.6060E-03
      0.1275  2.6853E-03
      0.1285  2.6983E-03
      0.1295  2.5382E-03
      0.1305  2.5147E-03
      0.1315  2.6910E-03
      0.1325  2.6475E-03
      0.1335  2.5693E-03
      0.1345  2.6716E-03
      0.1355  2.6794E-03
      0.1365  2.6545E-03
      0.1375  2.6519E-03
      0.1385  2.6634E-03
      0.1395  2.6210E-03
      0.1405  2.6462E-03
      0.1415  2.6464E-03
      0.1425  2.6546E-03
      0.1435  2.6557E-03
      0.1442  2.6618E-03
      0.1447  2.6570E-03
      0.1455  2.6458E-03
      0.1465  2.6345E-03
      0.1475  2.6335E-03
      0.1485  2.6205E-03
      0.1495  2.6163E-03
      0.1505  2.5987E-03
      0.1512  2.5836E-03
      0.1517  2.5976E-03
      0.1525  2.5790E-03
      0.1535  2.5385E-03
      0.1545  2.5789E-03
      0.1555  2.5424E-03
      0.1565  2.5438E-03
      0.1575  2.5637E-03
      0.1585  2.5622E-03
      0.1595  2.5728E-03
      0.1605  2.5321E-03
      0.1615  2.5266E-03
      0.1625  2.5285E-03
      0.1635  2.5311E-03
      0.1645  2.5261E-03
      0.1655  2.4995E-03
      0.1665  2.5398E-03
      0.1672  2.4753E-03
      0.1677  2.5245E-03
      0.1685  2.5279E-03
      0.1695  2.5109E-03
      0.1705  2.4870E-03
      0.1715  2.4726E-03
      0.1725  2.4606E-03
      0.1735  2.4863E-03
      0.1745  2.4660E-03
      0.1755  2.4835E-03
      0.1765  2.4050E-03
      0.1775  2.4600E-03
      0.1785  2.4513E-03
      0.1795  2.4646E-03
      0.1805  2.4579E-03
      0.1815  2.4435E-03
      0.1825  2.4484E-03
      0.1835  2.4399E-03
      0.1845  2.4072E-03
      0.1855  2.3678E-03
      0.1865  2.3738E-03
      0.1875  2.4095E-03
      0.1885  2.3665E-03
      0.1895  2.3375E-03
      0.1905  2.3842E-03
      0.1915  2.3431E-03
      0.1925  2.3381E-03
      0.1935  2.3510E-03
      0.1945  2.3701E-03
      0.1955  2.3268E-03
      0.1967  2.3608E-03
      0.1976  2.3698E-03
      0.1984  2.3431E-03
      0.1995  2.3117E-03
      0.2005  2.3406E-03
      0.2015  2.3435E-03
      0.2025  2.3479E-03
      0.2035  2.3327E-03
      0.2045  2.3279E-03
      0.2055  2.2852E-03
      0.2065  2.2990E-03
      0.2074  2.3243E-03
      0.2078  2.2931E-03
      0.2085  2.3103E-03
      0.2095  2.2897E-03
      0.2105  2.3019E-03
      0.2115  2.3015E-03
      0.2125  2.3048E-03
      0.2135  2.2963E-03
      0.2145  2.2876E-03
      0.2155  2.2873E-03
      0.2165  2.2734E-03
      0.2175  2.2699E-03
      0.2185  2.2682E-03
      0.2195  2.2697E-03
      0.2205  2.2583E-03
      0.2215  2.2477E-03
      0.2225  2.2378E-03
      0.2235  2.2466E-03
      0.2245  2.2405E-03
      0.2255  2.2304E-03
      0.2265  2.2305E-03
      0.2275  2.2229E-03
      0.2285  2.2241E-03
      0.2295  2.2069E-03
      0.2305  2.2089E-03
      0.2315  2.2013E-03
      0.2325  2.2013E-03
      0.2335  2.1800E-03
      0.2345  2.1529E-03
      0.2355  2.1781E-03
      0.2365  2.1534E-03
      0.2375  2.1633E-03
      0.2385  2.1380E-03
      0.2395  2.1466E-03
      0.2405  2.1413E-03
      0.2415  2.1350E-03
      0.2425  2.1496E-03
      0.2435  2.1367E-03
      0.2445  2.1333E-03
      0.2455  2.1374E-03
      0.2465  2.1232E-03
      0.2475  2.1233E-03
      0.2485  2.1202E-03
      0.2495  2.1000E-03
      0.2505  2.1137E-03
      0.2513  2.0995E-03
      0.2518  2.1080E-03
      0.2525  2.0946E-03
      0.2535  2.0782E-03
      0.2545  2.0843E-03
      0.2555  2.0929E-03
      0.2565  2.0792E-03
      0.2575  2.0841E-03
      0.2585  2.0773E-03
      0.2595  2.0708E-03
      0.2605  2.0696E-03
      0.2615  2.0672E-03
      0.2625  2.0655E-03
      0.2635  2.0576E-03
      0.2645  2.0714E-03
      0.2655  2.0648E-03
      0.2665  2.0536E-03
      0.2675  2.0530E-03
      0.2685  2.0566E-03
      0.2695  2.0412E-03
      0.2705  2.0468E-03
      0.2715  2.0393E-03
      0.2725  2.0231E-03
      0.2735  2.0324E-03
      0.2745  2.0035E-03
      0.2755  2.0043E-03
      0.2765  2.0050E-03
      0.2775  2.0175E-03
      0.2785  2.0111E-03
      0.2795  1.9728E-03
      0.2805  1.9884E-03
      0.2815  2.0014E-03
      0.2825  1.9831E-03
      0.2835  1.9817E-03
      0.2845  1.9857E-03
      0.2855  1.9831E-03
      0.2865  1.9805E-03
      0.2875  1.9753E-03
      0.2885  1.9718E-03
      0.2895  1.9683E-03
      0.2910  1.9625E-03
      0.2930  1.9518E-03
      0.2950  1.9361E-03
      0.2970  1.9377E-03
      0.2990  1.9291E-03
      0.3010  1.9222E-03
      0.3030  1.9146E-03
      0.3050  1.9066E-03
      0.3070  1.8988E-03
      0.3090  1.8911E-03
      0.3110  1.8833E-03
      0.3130  1.8768E-03
      0.3150  1.8691E-03
      0.3170  1.8613E-03
      0.3190  1.8442E-03
      0.3210  1.8459E-03
      0.3230  1.8383E-03
      0.3250  1.8310E-03
      0.3270  1.8248E-03
      0.3290  1.8163E-03
      0.3310  1.8103E-03
      0.3330  1.8031E-03
      0.3350  1.7945E-03
      0.3370  1.7888E-03
      0.3390  1.7818E-03
      0.3410  1.7747E-03
      0.3430  1.7652E-03
      0.3450  1.7560E-03
      0.3470  1.7512E-03
      0.3490  1.7445E-03
      0.3510  1.7399E-03
      0.3530  1.7333E-03
      0.3550  1.7265E-03
      0.3570  1.7231E-03
      0.3590  1.7122E-03
      0.3610  1.7073E-03
      0.3630  1.6986E-03
      0.3640  1.7000E-03
      0.3650  1.6929E-03
      0.3670  1.6918E-03
      0.3690  1.6655E-03
      0.3710  1.6451E-03
      0.3730  1.6229E-03
      0.3750  1.8465E-03
      0.3770  1.9160E-03
      0.3790  2.1206E-03
      0.3810  2.2951E-03
      0.3830  1.9624E-03
      0.3850  2.4596E-03
      0.3870  2.5633E-03
      0.3890  1.8863E-03
      0.3910  2.5786E-03
      0.3930  2.5991E-03
      0.3950  2.5565E-03
      0.3970  1.8411E-03
      0.3990  2.4982E-03
      0.4010  2.5457E-03
      0.4030  2.4290E-03
      0.4050  2.5432E-03
      0.4070  2.5121E-03
      0.4090  2.2534E-03
      0.4110  1.9124E-03
      0.4130  2.4269E-03
      0.4150  2.4432E-03
      0.4170  2.4501E-03
      0.4190  2.4419E-03
      0.4210  2.4267E-03
      0.4230  2.4114E-03
      0.4250  2.3962E-03
      0.4270  2.3779E-03
      0.4290  2.3591E-03
      0.4310  2.3257E-03
      0.4330  2.0371E-03
      0.4350  1.8403E-03
      0.4370  2.2740E-03
      0.4390  2.2288E-03
      0.4410  2.2785E-03
      0.4430  2.2572E-03
      0.4450  2.2530E-03
      0.4470  2.1458E-03
      0.4490  2.2215E-03
      0.4510  2.2127E-03
      0.4530  2.1994E-03
      0.4550  2.1862E-03
      0.4570  2.1732E-03
      0.4590  2.1604E-03
      0.4610  2.1477E-03
      0.4630  2.1349E-03
      0.4650  2.1222E-03
      0.4670  2.1099E-03
      0.4690  2.0977E-03
      0.4710  2.0629E-03
      0.4730  2.0726E-03
      0.4750  2.0599E-03
      0.4770  2.0493E-03
      0.4790  2.0363E-03
      0.4810  2.0183E-03
      0.4830  1.9899E-03
      0.4850  1.7849E-03
      0.4870  1.5675E-03
      0.4890  1.9434E-03
      0.4910  1.9577E-03
      0.4930  1.9132E-03
      0.4950  1.9464E-03
      0.4970  1.9356E-03
      0.4990  1.9247E-03
      0.5010  1.8935E-03
      0.5030  1.9032E-03
      0.5050  1.8822E-03
      0.5070  1.8823E-03
      0.5090  1.8719E-03
      0.5110  1.8615E-03
      0.5130  1.8513E-03
      0.5150  1.8411E-03
      0.5170  1.8312E-03
      0.5190  1.8212E-03
      0.5210  1.8109E-03
      0.5230  1.8015E-03
      0.5250  1.7918E-03
      0.5270  1.7822E-03
      0.5290  1.7726E-03
      0.5310  1.7631E-03
      0.5330  1.7536E-03
      0.5350  1.7442E-03
      0.5370  1.7350E-03
      0.5390  1.7259E-03
      0.5410  1.7168E-03
      0.5430  1.7075E-03
      0.5450  1.6987E-03
      0.5470  1.6898E-03
      0.5490  1.6810E-03
      0.5510  1.6722E-03
      0.5530  1.6635E-03
      0.5550  1.6550E-03
      0.5570  1.6464E-03
      0.5590  1.6379E-03
      0.5610  1.6295E-03
      0.5630  1.6212E-03
      0.5650  1.6126E-03
      0.5670  1.6045E-03
      0.5690  1.5964E-03
      0.5710  1.5884E-03
      0.5730  1.5803E-03
      0.5750  1.5723E-03
      0.5770  1.5645E-03
      0.5790  1.5566E-03
      0.5810  1.5488E-03
      0.5830  1.5410E-03
      0.5850  1.5333E-03
      0.5870  1.4880E-03
      0.5890  1.5168E-03
      0.5910  1.5107E-03
      0.5930  1.5033E-03
      0.5950  1.4958E-03
      0.5970  1.4886E-03
      0.5990  1.4812E-03
      0.6010  1.4740E-03
      0.6030  1.4669E-03
      0.6050  1.4598E-03
      0.6070  1.4528E-03
      0.6090  1.4458E-03
      0.6110  1.4388E-03
      0.6130  1.4319E-03
      0.6150  1.4250E-03
      0.6170  1.4182E-03
      0.6190  1.4115E-03
      0.6210  1.4048E-03
      0.6230  1.3981E-03
      0.6250  1.3915E-03
      0.6270  1.3849E-03
      0.6290  1.3784E-03
      0.6310  1.3719E-03
      0.6330  1.3655E-03
      0.6350  1.3584E-03
      0.6370  1.3525E-03
      0.6390  1.3465E-03
      0.6410  1.3402E-03
      0.6430  1.3340E-03
      0.6450  1.3279E-03
      0.6470  1.3217E-03
      0.6490  1.3156E-03
      0.6510  1.3059E-03
      0.6530  1.2925E-03
      0.6550  1.2180E-03
      0.6570  1.0667E-03
      0.6590  1.2625E-03
      0.6610  1.2746E-03
      0.6630  1.2734E-03
      0.6650  1.2691E-03
      0.6670  1.2541E-03
      0.6690  1.2487E-03
      0.6710  1.2521E-03
      0.6730  1.2465E-03
      0.6750  1.2409E-03
      0.6770  1.2354E-03
      0.6790  1.2299E-03
      0.6810  1.2245E-03
      0.6830  1.2191E-03
      0.6850  1.2137E-03
      0.6870  1.2084E-03
      0.6890  1.2031E-03
      0.6910  1.1978E-03
      0.6930  1.1926E-03
      0.6950  1.1874E-03
      0.6970  1.1823E-03
      0.6990  1.1771E-03
      0.7010  1.1721E-03
      0.7030  1.1670E-03
      0.7050  1.1619E-03
      0.7070  1.1438E-03
      0.7090  1.1521E-03
      0.7110  1.1471E-03
      0.7130  1.1422E-03
      0.7150  1.1374E-03
      0.7170  1.1325E-03
      0.7190  1.1278E-03
      0.7210  1.1230E-03
      0.7230  1.1179E-03
      0.7250  1.1135E-03
      0.7270  1.1089E-03
      0.7290  1.0989E-03
      0.7310  1.0995E-03
      0.7330  1.0950E-03
      0.7350  1.0905E-03
      0.7370  1.0859E-03
      0.7390  1.0814E-03
      0.7410  1.0770E-03
      0.7430  1.0725E-03
      0.7450  1.0682E-03
      0.7470  1.0638E-03
      0.7490  1.0594E-03
      0.7510  1.0549E-03
      0.7530  1.0508E-03
      0.7550  1.0465E-03
      0.7570  1.0422E-03
      0.7590  1.0380E-03
      0.7610  1.0338E-03
      0.7630  1.0296E-03
      0.7650  1.0255E-03
      0.7670  1.0213E-03
      0.7690  1.0172E-03
      0.7710  1.0132E-03
      0.7730  1.0091E-03
      0.7750  1.0051E-03
      0.7770  1.0007E-03
      0.7790  9.9712E-04
      0.7810  9.9298E-04
      0.7830  9.8924E-04
      0.7850  9.8564E-04
      0.7870  9.8175E-04
      0.7890  9.7779E-04
      0.7910  9.7412E-04
      0.7930  9.7031E-04
      0.7950  9.6650E-04
      0.7970  9.6265E-04
      0.7990  9.5891E-04
      0.8010  9.5527E-04
      0.8030  9.5156E-04
      0.8050  9.4787E-04
      0.8070  9.4421E-04
      0.8090  9.4035E-04
      0.8110  9.3661E-04
      0.8130  9.3335E-04
      0.8150  9.2918E-04
      0.8170  9.2624E-04
      0.8190  9.2232E-04
      0.8210  9.1750E-04
      0.8230  9.1530E-04
      0.8250  9.1229E-04
      0.8270  9.0728E-04
      0.8290  9.0560E-04
      0.8310  9.0255E-04
      0.8330  8.9919E-04
      0.8350  8.9401E-04
      0.8370  8.9173E-04
      0.8390  8.8881E-04
      0.8410  8.8436E-04
      0.8430  8.7995E-04
      0.8450  8.7478E-04
      0.8470  8.6766E-04
      0.8490  8.7047E-04
      0.8510  8.5561E-04
      0.8530  8.6817E-04
      0.8550  8.3248E-04
      0.8570  8.7383E-04
      0.8590  8.3335E-04
      0.8610  8.2636E-04
      0.8630  8.7821E-04
      0.8650  8.5201E-04
      0.8670  7.7242E-04
      0.8690  8.6893E-04
      0.8710  8.8578E-04
      0.8730  8.5989E-04
      0.8750  7.4551E-04
      0.8770  8.3242E-04
      0.8790  8.8056E-04
      0.8810  8.8372E-04
      0.8830  8.7285E-04
      0.8850  8.0621E-04
      0.8870  7.2974E-04
      0.8890  8.4647E-04
      0.8910  8.6775E-04
      0.8930  8.6852E-04
      0.8950  8.6687E-04
      0.8970  8.5997E-04
      0.8990  8.3413E-04
      0.9010  7.2189E-04
      0.9030  7.6538E-04
      0.9050  8.3681E-04
      0.9070  8.4167E-04
      0.9090  8.4476E-04
      0.9110  8.4423E-04
      0.9130  8.4153E-04
      0.9150  8.3790E-04
      0.9170  8.3181E-04
      0.9190  8.2326E-04
      0.9210  7.8360E-04
      0.9230  6.7260E-04
      0.9250  7.7010E-04
      0.9270  8.0931E-04
      0.9290  8.1472E-04
      0.9310  8.1214E-04
      0.9330  8.1325E-04
      0.9350  8.0997E-04
      0.9370  8.0755E-04
      0.9390  8.0466E-04
      0.9410  8.0155E-04
      0.9430  7.9892E-04
      0.9450  7.9560E-04
      0.9470  7.8819E-04
      0.9490  7.8581E-04
      0.9510  7.7179E-04
      0.9530  7.2964E-04
      0.9550  6.3862E-04
      0.9570  7.3886E-04
      0.9590  7.6632E-04
      0.9610  7.6877E-04
      0.9630  7.6708E-04
      0.9650  7.6841E-04
      0.9670  7.6572E-04
      0.9690  7.6269E-04
      0.9710  7.5925E-04
      0.9730  7.5776E-04
      0.9750  7.5513E-04
      0.9770  7.5251E-04
      0.9790  7.4991E-04
      0.9810  7.4732E-04
      0.9830  7.4475E-04
      0.9850  7.4218E-04
      0.9870  7.3963E-04
      0.9890  7.3708E-04
      0.9910  7.3450E-04
      0.9930  7.3205E-04
      0.9950  7.2954E-04
      0.9970  7.2515E-04
      0.9990  7.2078E-04
      1.0025  6.7960E-04
      1.0075  6.6131E-04
      1.0125  7.0462E-04
      1.0175  7.0232E-04
      1.0225  6.9635E-04
      1.0275  6.9072E-04
      1.0325  6.8354E-04
      1.0375  6.7940E-04
      1.0425  6.7385E-04
      1.0475  6.6836E-04
      1.0525  6.6293E-04
      1.0575  6.5757E-04
      1.0625  6.5228E-04
      1.0675  6.4644E-04
      1.0725  6.4189E-04
      1.0775  6.3679E-04
      1.0825  6.2584E-04
      1.0875  6.2271E-04
      1.0925  5.6277E-04
      1.0975  5.9566E-04
      1.1025  6.0855E-04
      1.1075  6.0709E-04
      1.1125  6.0276E-04
      1.1175  5.9812E-04
      1.1225  5.9341E-04
      1.1275  5.8897E-04
      1.1325  5.8451E-04
      1.1375  5.8009E-04
      1.1425  5.7572E-04
      1.1475  5.7138E-04
      1.1525  5.6711E-04
      1.1575  5.6287E-04
      1.1625  5.5869E-04
      1.1675  5.5455E-04
      1.1725  5.5046E-04
      1.1775  5.4640E-04
      1.1825  5.4241E-04
      1.1875  5.3846E-04
      1.1925  5.3455E-04
      1.1975  5.2816E-04
      1.2025  5.2685E-04
      1.2075  5.2306E-04
      1.2125  5.1932E-04
      1.2175  5.1561E-04
      1.2225  5.1194E-04
      1.2275  5.0832E-04
      1.2325  5.0473E-04
      1.2375  5.0118E-04
      1.2425  4.9767E-04
      1.2475  4.9420E-04
      1.2525  4.9033E-04
      1.2575  4.8735E-04
      1.2625  4.8399E-04
      1.2675  4.8065E-04
      1.2725  4.7635E-04
      1.2775  4.6475E-04
      1.2825  4.2675E-04
      1.2875  4.6233E-04
      1.2925  4.6380E-04
      1.2975  4.6003E-04
      1.3025  4.5830E-04
      1.3075  4.5523E-04
      1.3125  4.5219E-04
      1.3175  4.4918E-04
      1.3225  4.4621E-04
      1.3275  4.4327E-04
      1.3325  4.4034E-04
      1.3375  4.3746E-04
      1.3425  4.3447E-04
      1.3475  4.3177E-04
      1.3525  4.2897E-04
      1.3575  4.2619E-04
      1.3625  4.2344E-04
      1.3675  4.2071E-04
      1.3725  4.1802E-04
      1.3775  4.1534E-04
      1.3825  4.1270E-04
      1.3875  4.1008E-04
      1.3925  4.0749E-04
      1.3975  4.0493E-04
      1.4025  4.0238E-04
      1.4075  3.9985E-04
      1.4125  3.9736E-04
      1.4175  3.9489E-04
      1.4225  3.9244E-04
      1.4275  3.9001E-04
      1.4325  3.8760E-04
      1.4375  3.8522E-04
      1.4425  3.8286E-04
      1.4475  3.8052E-04
      1.4525  3.7821E-04
      1.4570  3.7614E-04
      1.4620  3.7389E-04
      1.4675  3.7146E-04
      1.4725  3.6929E-04
      1.4775  3.6713E-04
      1.4825  3.6498E-04
      1.4875  3.6285E-04
      1.4925  3.6074E-04
      1.4975  3.5866E-04
      1.5025  3.5656E-04
      1.5075  3.5418E-04
      1.5125  3.5235E-04
      1.5175  3.5028E-04
      1.5225  3.4820E-04
      1.5275  3.4590E-04
      1.5325  3.4369E-04
      1.5375  3.4208E-04
      1.5425  3.3897E-04
      1.5475  3.3806E-04
      1.5525  3.3591E-04
      1.5575  3.3149E-04
      1.5625  3.3393E-04
      1.5675  3.2856E-04
      1.5725  3.2441E-04
      1.5775  3.2914E-04
      1.5825  3.2678E-04
      1.5875  3.1359E-04
      1.5925  3.2067E-04
      1.5975  3.2319E-04
      1.6050  3.1775E-04
      1.6150  3.0795E-04
      1.6250  3.1505E-04
      1.6350  3.0683E-04
      1.6450  2.9673E-04
      1.6550  3.0558E-04
      1.6650  3.0255E-04
      1.6750  2.9340E-04
      1.6850  2.8352E-04
      1.6950  2.9267E-04
      1.7050  2.8914E-04
      1.7150  2.8689E-04
      1.7250  2.8306E-04
      1.7350  2.6551E-04
      1.7450  2.7554E-04
      1.7550  2.7509E-04
      1.7650  2.7226E-04
      1.7750  2.6947E-04
      1.7850  2.6672E-04
      1.7950  2.6401E-04
      1.8050  2.6080E-04
      1.8150  2.4575E-04
      1.8250  2.5258E-04
      1.8350  2.5349E-04
      1.8450  2.5108E-04
      1.8550  2.4858E-04
      1.8650  2.4474E-04
      1.8750  2.3162E-04
      1.8850  2.4050E-04
      1.8950  2.3908E-04
      1.9050  2.3640E-04
      1.9150  2.3451E-04
      1.9250  2.3228E-04
      1.9350  2.2890E-04
      1.9450  2.1543E-04
      1.9550  2.2449E-04
      1.9650  2.2367E-04
      1.9750  2.2160E-04
      1.9850  2.1955E-04
      1.9950  2.1752E-04
      2.0050  2.1553E-04
      2.0150  2.1357E-04
      2.0250  2.1163E-04
      2.0350  2.0972E-04
      2.0450  2.0782E-04
      2.0550  2.0574E-04
      2.0650  2.0414E-04
      2.0750  2.0232E-04
      2.0850  2.0053E-04
      2.0950  1.9877E-04
      2.1050  1.9703E-04
      2.1150  1.9508E-04
      2.1250  1.9362E-04
      2.1350  1.9195E-04
      2.1450  1.9027E-04
      2.1550  1.8784E-04
      2.1650  1.7740E-04
      2.1750  1.8400E-04
      2.1850  1.8385E-04
      2.1950  1.8235E-04
      2.2050  1.8082E-04
      2.2150  1.7931E-04
      2.2250  1.7781E-04
      2.2350  1.7636E-04
      2.2450  1.7490E-04
      2.2550  1.7347E-04
      2.2650  1.7205E-04
      2.2750  1.7064E-04
      2.2850  1.6927E-04
      2.2950  1.6791E-04
      2.3050  1.6657E-04
      2.3150  1.6525E-04
      2.3250  1.6394E-04
      2.3350  1.6265E-04
      2.3450  1.6136E-04
      2.3550  1.6011E-04
      2.3650  1.5886E-04
      2.3750  1.5762E-04
      2.3850  1.5640E-04
      2.3950  1.5518E-04
      2.4050  1.5399E-04
      2.4150  1.5278E-04
      2.4250  1.5163E-04
      2.4350  1.5044E-04
      2.4450  1.4925E-04
      2.4550  1.4818E-04
      2.4650  1.4696E-04
      2.4750  1.4580E-04
      2.4850  1.4494E-04
      2.4950  1.4331E-04
      2.5050  1.4282E-04
      2.5150  1.4179E-04
      2.5250  1.3975E-04
      2.5350  1.3960E-04
      2.5450  1.3887E-04
      2.5550  1.3753E-04
      2.5650  1.3503E-04
      2.5750  1.3567E-04
      2.5850  1.3499E-04
      2.5950  1.3397E-04
      2.6050  1.3211E-04
      2.6150  1.2896E-04
      2.6250  1.2479E-04
      2.6350  1.2930E-04
      2.6450  1.2933E-04
      2.6550  1.2845E-04
      2.6650  1.2700E-04
      2.6750  1.2277E-04
      2.6850  1.2518E-04
      2.6950  1.2514E-04
      2.7050  1.2438E-04
      2.7150  1.2352E-04
      2.7250  1.2267E-04
      2.7350  1.2182E-04
      2.7450  1.2048E-04
      2.7550  1.1604E-04
      2.7650  1.1734E-04
      2.7750  1.1833E-04
      2.7850  1.1774E-04
      2.7950  1.1694E-04
      2.8050  1.1616E-04
      2.8150  1.1538E-04
      2.8250  1.1461E-04
      2.8350  1.1385E-04
      2.8450  1.1310E-04
      2.8550  1.1217E-04
      2.8650  1.1015E-04
      2.8750  1.0635E-04
      2.8850  1.0955E-04
      2.8950  1.0943E-04
      2.9050  1.0873E-04
      2.9150  1.0802E-04
      2.9250  1.0733E-04
      2.9350  1.0664E-04
      2.9450  1.0595E-04
      2.9550  1.0528E-04
      2.9650  1.0460E-04
      2.9750  1.0394E-04
      2.9850  1.0328E-04
      2.9950  1.0263E-04
      3.0050  1.0199E-04
      3.0150  1.0135E-04
      3.0250  1.0035E-04
      3.0350  9.6663E-05
      3.0450  9.7213E-05
      3.0550  9.8598E-05
      3.0650  9.8238E-05
      3.0750  9.7634E-05
      3.0850  9.7036E-05
      3.0950  9.6443E-05
      3.1050  9.5855E-05
      3.1150  9.5273E-05
      3.1250  9.4696E-05
      3.1350  9.4123E-05
      3.1450  9.3557E-05
      3.1550  9.2995E-05
      3.1650  9.2438E-05
      3.1750  9.1887E-05
      3.1850  9.1340E-05
      3.1950  9.0798E-05
      3.2100  8.9994E-05
      3.2300  8.8940E-05
      3.2500  8.7902E-05
      3.2700  8.6842E-05
      3.2900  8.3514E-05
      3.3100  8.4173E-05
      3.3300  8.3804E-05
      3.3500  8.2893E-05
      3.3700  8.1972E-05
      3.3900  8.1061E-05
      3.4100  8.0163E-05
      3.4300  7.9280E-05
      3.4500  7.8410E-05
      3.4700  7.7556E-05
      3.4900  7.6714E-05
      3.5100  7.5887E-05
      3.5300  7.5071E-05
      3.5500  7.4267E-05
      3.5700  7.3473E-05
      3.5900  7.2707E-05
      3.6100  7.1921E-05
      3.6300  7.1190E-05
      3.6500  7.0409E-05
      3.6700  6.9730E-05
      3.6900  6.8913E-05
      3.7100  6.8233E-05
      3.7300  6.6719E-05
      3.7500  6.5595E-05
      3.7700  6.6210E-05
      3.7900  6.5605E-05
      3.8100  6.4772E-05
      3.8300  6.4158E-05
      3.8500  6.3772E-05
      3.8700  6.3180E-05
      3.8900  6.2383E-05
      3.9100  6.1390E-05
      3.9300  6.1252E-05
      3.9500  6.0747E-05
      3.9700  6.0161E-05
      3.9900  5.9572E-05
      4.0100  5.8577E-05
      4.0300  5.7832E-05
      4.0500  5.6492E-05
      4.0700  5.7240E-05
      4.0900  5.6816E-05
      4.1100  5.6286E-05
      4.1300  5.5753E-05
      4.1500  5.5135E-05
      4.1700  5.3740E-05
      4.1900  5.4094E-05
      4.2100  5.3743E-05
      4.2300  5.3255E-05
      4.2500  5.2770E-05
      4.2700  5.2300E-05
      4.2900  5.1811E-05
      4.3100  5.1369E-05
      4.3300  5.0913E-05
      4.3500  5.0415E-05
      4.3700  4.9067E-05
      4.3900  4.9212E-05
      4.4100  4.9147E-05
      4.4300  4.8721E-05
      4.4500  4.8300E-05
      4.4700  4.7958E-05
      4.4900  4.7546E-05
      4.5100  4.7140E-05
      4.5300  4.6739E-05
      4.5500  4.6344E-05
      4.5700  4.5953E-05
      4.5900  4.5566E-05
      4.6100  4.5116E-05
      4.6300  4.4643E-05
      4.6500  4.3143E-05
      4.6700  4.2878E-05
      4.6900  4.3423E-05
      4.7100  4.3270E-05
      4.7300  4.2996E-05
      4.7500  4.2646E-05
      4.7700  4.2301E-05
      4.7900  4.1960E-05
      4.8100  4.1624E-05
      4.8300  4.1291E-05
      4.8500  4.0961E-05
      4.8700  4.0636E-05
      4.8900  4.0315E-05
      4.9100  3.9997E-05
      4.9300  3.9685E-05
      4.9500  3.9374E-05
      4.9700  3.9068E-05
      4.9900  3.8765E-05
      5.0100  3.8466E-05
      5.0300  3.8170E-05
      5.0500  3.7878E-05
      5.0700  3.7589E-05
      5.0900  3.7243E-05
      5.1100  3.6824E-05
      5.1300  3.5750E-05
      5.1500  3.6313E-05
      5.1700  3.6114E-05
      5.1900  3.5921E-05
      5.2100  3.5655E-05
      5.2300  3.5391E-05
      5.2500  3.5108E-05
      5.2700  3.4821E-05
      5.2900  3.4615E-05
      5.3100  3.4363E-05
      5.3300  3.4114E-05
      5.3500  3.3866E-05
      5.3700  3.3557E-05
      5.3900  3.3317E-05
      5.4100  3.3140E-05
      5.4300  3.2904E-05
      5.4500  3.2670E-05
      5.4700  3.2439E-05
      5.4900  3.2209E-05
      5.5100  3.1930E-05
      5.5300  3.1622E-05
      5.5500  3.1533E-05
      5.5700  3.1315E-05
      5.5900  3.1099E-05
      5.6100  3.0883E-05
      5.6300  3.0671E-05
      5.6500  3.0460E-05
      5.6700  3.0251E-05
      5.6900  3.0008E-05
      5.7100  2.9629E-05
      5.7300  2.9586E-05
      5.7500  2.9437E-05
      5.7700  2.9239E-05
      5.7900  2.9043E-05
      5.8100  2.8849E-05
      5.8300  2.8655E-05
      5.8500  2.8489E-05
      5.8700  2.8269E-05
      5.8900  2.7949E-05
      5.9100  2.7128E-05
      5.9300  2.7601E-05
      5.9500  2.7261E-05
      5.9700  2.7215E-05
      5.9900  2.7176E-05
      6.0100  2.7029E-05
      6.0300  2.6854E-05
      6.0500  2.6682E-05
      6.0700  2.6511E-05
      6.0900  2.6342E-05
      6.1100  2.6173E-05
      6.1300  2.6007E-05
      6.1500  2.5843E-05
      6.1700  2.5679E-05
      6.1900  2.5517E-05
      6.2100  2.5358E-05
      6.2300  2.5199E-05
      6.2500  2.5041E-05
      6.2700  2.4793E-05
      6.2900  2.4307E-05
      6.3100  2.4455E-05
      6.3300  2.4418E-05
      6.3500  2.4278E-05
      6.3700  2.4130E-05
      6.3900  2.3982E-05
      6.4200  2.3764E-05
      6.4600  2.3478E-05
      6.5000  2.3196E-05
      6.5400  2.2920E-05
      6.5800  2.2648E-05
      6.6200  2.2381E-05
      6.6600  2.2119E-05
      6.7000  2.1862E-05
      6.7400  2.1559E-05
      6.7800  2.1075E-05
      6.8200  2.1106E-05
      6.8600  2.0875E-05
      6.9000  2.0639E-05
      6.9400  2.0407E-05
      6.9800  2.0179E-05
      7.0200  1.9954E-05
      7.0600  1.9733E-05
      7.1000  1.9516E-05
      7.1400  1.9303E-05
      7.1800  1.9092E-05
      7.2200  1.8886E-05
      7.2600  1.8679E-05
      7.3000  1.8481E-05
      7.3400  1.8285E-05
      7.3800  1.8092E-05
      7.4200  1.7874E-05
      7.4600  1.7382E-05
      7.5000  1.7071E-05
      7.5400  1.7279E-05
      7.5800  1.7168E-05
      7.6200  1.6992E-05
      7.6600  1.6819E-05
      7.7000  1.6648E-05
      7.7400  1.6478E-05
      7.7800  1.6260E-05
      7.8200  1.6150E-05
      7.8600  1.5989E-05
      7.9000  1.5831E-05
      7.9400  1.5675E-05
      7.9800  1.5521E-05
      8.0200  1.5370E-05
      8.0600  1.5220E-05
      8.1000  1.5072E-05
      8.1400  1.4869E-05
      8.1800  1.4757E-05
      8.2200  1.4644E-05
      8.2600  1.4504E-05
      8.3000  1.4367E-05
      8.3400  1.4233E-05
      8.3800  1.4099E-05
      8.4200  1.3968E-05
      8.4600  1.3838E-05
      8.5000  1.3711E-05
      8.5400  1.3584E-05
      8.5800  1.3460E-05
      8.6200  1.3333E-05
      8.6600  1.3109E-05
      8.7000  1.3079E-05
      8.7400  1.2844E-05
      8.7800  1.2731E-05
      8.8200  1.2749E-05
      8.8600  1.2637E-05
      8.9000  1.2525E-05
      8.9400  1.2415E-05
      8.9800  1.2306E-05
      9.0200  1.2199E-05
      9.0600  1.2093E-05
      9.1000  1.1988E-05
      9.1400  1.1885E-05
      9.1800  1.1783E-05
      9.2200  1.1683E-05
      9.2600  1.1584E-05
      9.3000  1.1486E-05
      9.3400  1.1384E-05
      9.3800  1.1168E-05
      9.4200  1.1158E-05
      9.4600  1.1106E-05
      9.5000  1.1014E-05
      9.5400  1.0923E-05
      9.5800  1.0833E-05
      9.6200  1.0745E-05
      9.6600  1.0657E-05
      9.7000  1.0571E-05
      9.7400  1.0485E-05
      9.7800  1.0401E-05
      9.8200  1.0317E-05
      9.8600  1.0235E-05
      9.9000  1.0153E-05
      9.9400  1.0073E-05
      9.9800  9.9933E-06
     10.0200  9.9147E-06
     20.0000  2.5062E-06
     40.0000  6.2034E-07
     60.0000  2.7269E-07
     80.0000  1.5209E-07
    100.0000  9.6705E-08
    120.0000  6.6815E-08
    140.0000  4.8887E-08
    160.0000  3.7300E-08
    174.6139  3.3087E-08
    190.5626  2.7786E-08
    207.9679  2.3334E-08
    226.9631  1.9594E-08
    247.6931  1.6454E-08
    270.3167  1.3817E-08
    295.0065  1.1603E-08
    321.9514  9.7429E-09
    351.3575  8.1812E-09
    383.4493  6.8697E-09
    418.4724  5.7685E-09
    456.6943  4.8437E-09
    498.4073  4.0672E-09
    543.9302  3.4151E-09
    593.6111  2.8676E-09
    647.8296  2.4078E-09
    707.0003  2.0217E-09
    771.5754  1.6976E-09
    842.0486  1.4254E-09
    918.9587  1.1968E-09
   1002.8934  1.0049E-09
   1094.4945  8.4377E-10
   1194.4622  7.0847E-10
   1303.5604  5.9486E-10
   1422.6235  4.9947E-10
   1552.5614  4.1937E-10
   1694.3674  3.5212E-10
   1849.1255  2.9565E-10
   2018.0187  2.4824E-10
   2202.3381  2.0843E-10
   2403.4927  1.7501E-10
   2623.0200  1.4694E-10
   2862.5981  1.2338E-10
   3124.0588  1.0359E-10
   3409.4001  8.6976E-11
   3720.8040  7.3028E-11
   4060.6504  6.1316E-11
   4431.5371  5.1483E-11
   4836.2993  4.3226E-11
   5278.0317  3.6294E-11
   5760.1104  3.0473E-11
   6286.2202  2.5586E-11
   6860.3833  2.1483E-11
   7486.9888  1.8037E-11
   8170.8267  1.5145E-11
   8917.1240  1.2716E-11
   9731.5850  1.0676E-11
  10620.4375  8.9641E-12
  11590.4736  7.5265E-12
  12649.1104  6.3194E-12
  13804.4395  5.3059E-12
  15065.2930  4.4549E-12
  16441.3086  3.7405E-12
  17943.0059  3.1406E-12
  19581.8613  2.6369E-12
  21370.4062  2.2140E-12
  23322.3125  1.8589E-12
  25452.4961  1.5608E-12
  27777.2461  1.3105E-12
  30314.3320  1.1003E-12
  33083.1445  9.2383E-13
  36104.8555  7.7566E-13
  39402.5547  6.5126E-13
  43001.4609  5.4681E-13
  46929.0742  4.5911E-13
  51215.4258  3.8548E-13
  55893.2812  3.2366E-13
  60998.3945  2.7175E-13
  66569.7891  2.2817E-13
  72650.0625  1.9157E-13
  79285.6875  1.6085E-13
  86527.3906  1.3505E-13
  94430.5234  1.1339E-13
 103055.5078  9.5206E-14
 112468.2656  7.9937E-14
 122740.7578  6.7117E-14
 133951.5000  5.6352E-14
 146186.2031  4.7315E-14
 159538.3906  3.9726E-14
 174110.1094  3.3355E-14
 190012.7656  2.8005E-14
 207367.9375  2.3514E-14
 226308.2500  1.9743E-14
 246978.5312  1.6576E-14
 269536.7500  1.3918E-14
 294155.3750  1.1686E-14
 321022.5938  9.8115E-15
 350343.7812  8.2380E-15
 382343.0625  6.9167E-15
 417265.0312  5.8074E-15
 455376.6875  4.8760E-15
 496969.3438  4.0940E-15
 542360.9375  3.4374E-15
 591898.4375  2.8861E-15
 645960.5625  2.4232E-15
 704960.5000  2.0346E-15
 769349.3750  1.7083E-15
 839619.2500  1.4343E-15
 916307.4375  1.2043E-15
1000000.0000  1.0111E-15
